1411812333490,41.1778652,-8.5980833,0.0,57.047000885009766
1411812346761,41.17807405,-8.59840006,161.5,11.0
1411812348762,41.17801901,-8.59836729,186.60000610351563,15.0
1411812351844,41.1779775,-8.5982437,0.0,36.0
1411812371898,41.1779347,-8.5982215,0.0,39.0
1411812391842,41.1779339,-8.5982403,0.0,45.0
1411812411886,41.1779382,-8.5982272,0.0,45.0
1411812442000,41.17798131,-8.59842459,185.3000030517578,9.0
1411812444000,41.17791658,-8.59846542,182.5,9.0
1411812446000,41.17786004,-8.59850053,180.5,10.0
1411812449000,41.17779557,-8.5985402,178.39999389648438,10.0
1411812451000,41.17777513,-8.59860905,178.89999389648438,10.0
1411812453000,41.17776943,-8.59869036,177.89999389648438,10.0
1411812454000,41.17778719,-8.59875889,178.3000030517578,9.0
1411812455000,41.17784782,-8.59883763,178.60000610351563,9.0
1411812456000,41.17786852,-8.59890243,177.8000030517578,10.0
1411812457000,41.17788597,-8.59898529,178.6999969482422,9.0
1411812458000,41.17789775,-8.59905071,178.39999389648438,9.0
1411812459000,41.17791545,-8.59911264,179.0,9.0
1411812461000,41.17794516,-8.59921546,178.39999389648438,10.0
1411812463000,41.17794254,-8.59931223,177.8000030517578,10.0
1411812464000,41.17787275,-8.59931286,179.5,10.0
1411812465000,41.17777822,-8.59932962,179.6999969482422,10.0
1411812466000,41.1777042,-8.59935979,180.0,10.0
1411812467000,41.17763895,-8.59940127,180.10000610351563,10.0
1411812468000,41.1775734,-8.59944087,180.10000610351563,11.0
1411812469000,41.1774877,-8.59948159,180.1999969482422,10.0
1411812470000,41.17741548,-8.59954273,180.39999389648438,10.0
1411812471000,41.17733024,-8.5995883,180.6999969482422,10.0
1411812472000,41.17723297,-8.59962593,180.60000610351563,9.0
1411812473000,41.17713014,-8.59968213,180.8000030517578,10.0
1411812474000,41.17703544,-8.59973752,180.3000030517578,10.0
1411812475000,41.17693114,-8.59978773,180.6999969482422,10.0
1411812466013,41.1776107,-8.5986,0.0,58.5
1411812476000,41.17683765,-8.59984212,181.10000610351563,10.0
1411812477000,41.17674092,-8.59990316,180.60000610351563,10.0
1411812478000,41.17663534,-8.59996505,181.10000610351563,10.0
1411812479000,41.17652734,-8.60001825,180.6999969482422,10.0
1411812480000,41.17644225,-8.60006609,179.6999969482422,10.0
1411812481000,41.17636077,-8.60010534,179.89999389648438,10.0
1411812482000,41.17626746,-8.60015759,179.89999389648438,10.0
1411812483000,41.17616593,-8.60020096,179.89999389648438,10.0
1411812484000,41.17607742,-8.6002242,180.10000610351563,10.0
1411812485000,41.17599326,-8.60022258,179.89999389648438,10.0
1411812486000,41.17590842,-8.60022631,179.3000030517578,10.0
1411812487000,41.17583462,-8.60022273,178.60000610351563,10.0
1411812488000,41.17574548,-8.60021936,178.3000030517578,10.0
1411812489000,41.17565378,-8.60023222,178.8000030517578,11.0
1411812490000,41.1755707,-8.60020289,178.5,10.0
1411812491000,41.17548137,-8.60018293,178.8000030517578,11.0
1411812492000,41.17540069,-8.60017148,179.10000610351563,11.0
1411812493000,41.17532251,-8.60012499,179.6999969482422,10.0
1411812494000,41.1752265,-8.60007715,178.1999969482422,10.0
1411812495000,41.17515285,-8.60003101,178.89999389648438,10.0
1411812496000,41.17509002,-8.59999854,178.10000610351563,10.0
1411812497000,41.17503281,-8.59995851,178.3000030517578,10.0
1411812498000,41.17498871,-8.59993776,177.8000030517578,10.0
1411812499000,41.17494352,-8.59990411,177.8000030517578,11.0
1411812505000,41.17489324,-8.59992112,175.10000610351563,12.0
1411812513000,41.17489775,-8.59998056,176.5,12.0
1411812518000,41.17494235,-8.59996632,176.8000030517578,10.0
1411812533000,41.17490879,-8.59991766,177.60000610351563,10.0
1411812534000,41.17482309,-8.59986605,178.1999969482422,10.0
1411812535000,41.17474812,-8.59982892,178.5,11.0
1411812536000,41.17466549,-8.59978172,178.8000030517578,11.0
1411812537000,41.17456589,-8.59969935,178.5,10.0
1411812538000,41.17446715,-8.599652,177.89999389648438,10.0
1411812539000,41.17437536,-8.59961047,177.6999969482422,11.0
1411812540000,41.17428109,-8.59957349,177.1999969482422,10.0
1411812541000,41.17418925,-8.59953008,177.5,11.0
1411812542000,41.17408855,-8.5994801,177.6999969482422,10.0
1411812543000,41.17398774,-8.59944603,179.60000610351563,11.0
1411812544000,41.17390387,-8.59937918,179.89999389648438,11.0
1411812545000,41.17382077,-8.59933404,180.39999389648438,11.0
1411812546000,41.17372414,-8.59925492,180.3000030517578,11.0
1411812547000,41.17361192,-8.5992221,179.89999389648438,10.0
1411812548000,41.17350626,-8.59917492,179.60000610351563,10.0
1411812549000,41.17340801,-8.59911241,179.39999389648438,11.0
1411812550000,41.17329994,-8.59904277,179.89999389648438,11.0
1411812551000,41.17317376,-8.59898634,179.89999389648438,12.0
1411812552000,41.17307898,-8.59887645,180.5,12.0
1411812553000,41.17297278,-8.59881956,180.39999389648438,12.0
1411812554000,41.17287085,-8.59876992,180.3000030517578,11.0
1411812555000,41.17277338,-8.5987074,180.1999969482422,12.0
1411812556000,41.17269045,-8.59865169,180.1999969482422,12.0
1411812557000,41.17258979,-8.59860563,181.1999969482422,12.0
1411812558000,41.172494209999996,-8.59851288,181.39999389648438,11.0
1411812559000,41.1724089,-8.5984391,181.60000610351563,12.0
1411812560000,41.17229163,-8.59837312,181.6999969482422,11.0
1411812561000,41.17218371,-8.5983098,181.10000610351563,12.0
1411812562000,41.17207792,-8.59823548,181.3000030517578,12.0
1411812563000,41.17198239,-8.59818578,181.1999969482422,12.0
1411812564000,41.17187181,-8.59812391,180.8000030517578,12.0
1411812565000,41.17177461,-8.5980412,181.39999389648438,11.0
1411812566000,41.1716689,-8.59797874,181.3000030517578,11.0
1411812567000,41.17157521,-8.5979264,182.0,11.0
1411812568000,41.17146268,-8.59787912,182.3000030517578,12.0
1411812569000,41.17134229,-8.59783248,183.10000610351563,12.0
1411812570000,41.17123792,-8.59776587,183.39999389648438,12.0
1411812571000,41.17111762,-8.59775968,182.60000610351563,10.0
1411812572000,41.17101409,-8.59771501,183.5,10.0
1411812573000,41.17090921,-8.59767463,183.5,11.0
1411812574000,41.1707961,-8.5976494,183.6999969482422,11.0
1411812575000,41.17071573,-8.59763105,186.1999969482422,10.0
1411812576000,41.17062175,-8.59759905,186.8000030517578,11.0
1411812577000,41.17054364,-8.59755455,187.0,11.0
1411812578000,41.1704573,-8.59753999,187.60000610351563,10.0
1411812579000,41.17034436,-8.59752363,188.60000610351563,10.0
1411812580000,41.17025644,-8.5974843,188.6999969482422,10.0
1411812581000,41.17017793,-8.59745925,188.8000030517578,10.0
1411812582000,41.17009798,-8.59743851,188.8000030517578,11.0
1411812583000,41.17003471,-8.59741815,188.89999389648438,10.0
1411812584000,41.16996546,-8.59739443,188.6999969482422,11.0
1411812586000,41.16989257,-8.59740311,189.5,11.0
1411812599000,41.1698533,-8.59737298,192.6999969482422,10.0
1411812602000,41.16975083,-8.59736608,190.6999969482422,10.0
1411812603000,41.16966002,-8.59736617,190.89999389648438,11.0
1411812604000,41.169599,-8.59737167,191.0,11.0
1411812605000,41.16954496,-8.5973916,191.5,10.0
1411812606000,41.16949163,-8.59741249,192.60000610351563,10.0
1411812608000,41.16941281,-8.59741903,194.5,11.0
1411812611000,41.16935945,-8.59743731,195.8000030517578,10.0
1411813043000,41.16931009,-8.59744493,199.5,12.0
1411813045000,41.16926207,-8.59745739,199.3000030517578,11.0
1411813047000,41.16918166,-8.59745331,198.0,12.0
1411813049000,41.1690819,-8.59745117,199.1999969482422,12.0
1411813050000,41.16893641,-8.59749496,198.60000610351563,13.0
1411813051000,41.16885792,-8.59752304,199.39999389648438,13.0
1411813052000,41.16868799,-8.59752376,201.1999969482422,13.0
1411813053000,41.16860876,-8.59752866,201.0,13.0
1411813054000,41.16851285,-8.59752684,200.8000030517578,14.0
1411813055000,41.16846246,-8.59753151,200.3000030517578,14.0
1411813056000,41.16839072,-8.59758145,199.0,13.0
1411813057000,41.1683168,-8.59765503,198.39999389648438,12.0
1411813058000,41.16823744,-8.59767887,199.8000030517578,12.0
1411813059000,41.16816351,-8.59769649,199.6999969482422,11.0
1411813060000,41.16808795,-8.59775796,197.6999969482422,11.0
1411813061000,41.16801954,-8.59780161,196.89999389648438,11.0
1411813062000,41.16794996,-8.5978413,197.60000610351563,12.0
1411813063000,41.16787497,-8.59786881,197.6999969482422,11.0
1411813064000,41.16776799,-8.59791785,200.60000610351563,12.0
1411813065000,41.1677015,-8.59795914,200.89999389648438,12.0
1411813066000,41.16761705,-8.59796872,200.6999969482422,11.0
1411813067000,41.16754463,-8.59800264,202.10000610351563,11.0
1411813068000,41.16747372,-8.59806003,202.89999389648438,11.0
1411813069000,41.16739632,-8.59809145,201.89999389648438,11.0
1411813070000,41.16731826,-8.59812639,202.10000610351563,11.0
1411813071000,41.16723862,-8.5981546,202.8000030517578,12.0
1411813072000,41.16718683,-8.59818302,202.89999389648438,12.0
1411813074000,41.16712761,-8.59822226,203.10000610351563,11.0
1411813083000,41.16707953,-8.59823838,203.0,10.0
1411813085000,41.1670367,-8.59821929,203.8000030517578,10.0
1411813087000,41.16700834,-8.59814104,205.10000610351563,10.0
1411813088000,41.166998,-8.59808073,205.60000610351563,10.0
1411813089000,41.16698892,-8.59801461,205.60000610351563,10.0
1411813090000,41.16698221,-8.59790562,205.39999389648438,11.0
1411813091000,41.1669498,-8.59780526,205.3000030517578,10.0
1411813092000,41.16691834,-8.59768053,204.10000610351563,10.0
1411813093000,41.16688622,-8.59756217,201.5,10.0
1411813094000,41.16686011,-8.59751178,202.3000030517578,10.0
1411813095000,41.16684877,-8.59744793,201.1999969482422,11.0
1411813096000,41.1668126,-8.59740511,201.1999969482422,12.0
1411813098000,41.16671992,-8.59738775,201.0,14.0
1411813099000,41.16666108,-8.59745382,201.3000030517578,14.0
1411813100000,41.16661003,-8.59747982,201.1999969482422,15.0
1411813101000,41.16655691,-8.59750282,201.3000030517578,17.0
1411813102000,41.16650688,-8.59752629,201.3000030517578,19.0
1411813103000,41.16646259,-8.59754983,201.1999969482422,21.0
1411813105000,41.16636554,-8.597597,201.5,26.0
1411813107000,41.16631377,-8.59764332,201.5,33.0
1411813108000,41.16627452,-8.59760766,201.6999969482422,32.0
1411813109000,41.16620452,-8.59778029,201.6999969482422,31.0
1411813111000,41.16617758,-8.59785888,201.6999969482422,32.0
1411813113000,41.16615451,-8.59780751,201.8000030517578,38.0
1411813115000,41.16611188,-8.59787888,201.6999969482422,24.0
1411813118000,41.16607892,-8.59801938,201.3000030517578,15.0
1411813120000,41.16605026,-8.5980849,201.8000030517578,14.0
1411813122000,41.16602959,-8.59818874,202.39999389648438,13.0
1411813123000,41.16601745,-8.59824949,202.8000030517578,13.0
1411813124000,41.166002399999996,-8.59831493,202.89999389648438,13.0
1411813125000,41.16596653,-8.59840561,205.60000610351563,13.0
1411813126000,41.16585244,-8.59857809,206.0,13.0
1411813127000,41.16580383,-8.59860767,205.39999389648438,13.0
1411813128000,41.16576689,-8.59870079,206.3000030517578,13.0
1411813129000,41.16571207,-8.59873286,206.89999389648438,13.0
1411813130000,41.1656585,-8.59874781,205.6999969482422,13.0
1411813131000,41.16560147,-8.59877526,205.89999389648438,13.0
1411813133000,41.16551883,-8.59873898,208.3000030517578,12.0
1411813134000,41.16547008,-8.59870877,208.5,11.0
1411813136000,41.16546665,-8.59858572,205.89999389648438,11.0
1411813138000,41.165469709999996,-8.59847917,205.1999969482422,10.0
1411813140000,41.16544006,-8.59839334,205.0,11.0
1411813142000,41.16542793,-8.59829356,205.0,10.0
1411813144000,41.16541197,-8.59819912,206.3000030517578,10.0
1411813146000,41.16539449,-8.59809654,206.1999969482422,10.0
1411813148000,41.16537724,-8.59798598,206.1999969482422,11.0
1411813150000,41.165368,-8.59787239,205.3000030517578,11.0
1411813152000,41.16534951,-8.5977666,205.0,10.0
1411813154000,41.16532425,-8.59766126,205.1999969482422,11.0
1411813156000,41.16529606,-8.59754799,204.89999389648438,10.0
1411813157000,41.16526086,-8.59745835,204.39999389648438,10.0
1411813158000,41.16524281,-8.5973839,204.6999969482422,12.0
1411813159000,41.16522385,-8.59732256,203.1999969482422,11.0
1411813161000,41.16521674,-8.59721025,203.10000610351563,12.0
1411813162000,41.16519754,-8.59714973,203.5,12.0
1411813163000,41.1652043,-8.59707776,203.3000030517578,12.0
1411813164000,41.1651726,-8.59701028,203.5,11.0
1411813165000,41.16517306,-8.59694426,203.60000610351563,11.0
1411813167000,41.16516234,-8.59685293,204.0,11.0
1411813168000,41.16515134,-8.59678626,204.5,11.0
1411813169000,41.1651595,-8.59672678,204.39999389648438,11.0
1411813170000,41.16515438,-8.59665841,204.39999389648438,11.0
1411813172000,41.16513985,-8.59654031,204.39999389648438,11.0
1411813173000,41.16513649,-8.59647763,204.39999389648438,12.0
1411813174000,41.165107,-8.59639776,204.39999389648438,11.0
1411813175000,41.16510592,-8.59633562,204.5,11.0
1411813176000,41.16507238,-8.59625253,204.8000030517578,11.0
1411813177000,41.16505457,-8.59613469,204.6999969482422,12.0
1411813178000,41.16503967,-8.59605938,204.60000610351563,11.0
1411813179000,41.16503511,-8.59598164,204.39999389648438,11.0
1411813180000,41.16505063,-8.59591269,204.3000030517578,11.0
1411813181000,41.16502834,-8.59581762,204.39999389648438,11.0
1411813182000,41.16501042,-8.59571993,204.3000030517578,11.0
1411813183000,41.1650101,-8.59561893,204.0,11.0
1411813184000,41.16500417,-8.59552456,204.10000610351563,11.0
1411813185000,41.16499583,-8.59544611,204.10000610351563,12.0
1411813186000,41.16499566,-8.59535908,204.10000610351563,11.0
1411813187000,41.16498479,-8.59525532,204.10000610351563,11.0
1411813188000,41.16498011,-8.59517581,204.10000610351563,12.0
1411813189000,41.16496518,-8.59507692,204.10000610351563,12.0
1411813191000,41.16493242,-8.59499966,204.1999969482422,10.0
1411813193000,41.16491805,-8.59493578,203.60000610351563,10.0
1411813228000,41.16488207,-8.59498958,206.6999969482422,12.0
1411813236000,41.16493491,-8.59495061,209.8000030517578,15.0
1411813240000,41.16497805,-8.59492911,212.1999969482422,18.0
1411813244000,41.164994,-8.5948602,213.3000030517578,31.0
1411813247000,41.16499617,-8.59480029,213.5,51.0
1411813251000,41.16498346,-8.59472396,213.6999969482422,71.0
1411813254000,41.16497534,-8.59466487,213.89999389648438,106.0
1411813261000,41.16499252,-8.59474155,213.8000030517578,125.0
1411813264000,41.16498689,-8.5948014,214.1999969482422,110.0
1411813266000,41.16495535,-8.59475651,213.60000610351563,21.0
1411813267000,41.16490424,-8.59460831,214.0,16.0
1411813268000,41.16489933,-8.59452905,214.3000030517578,14.0
1411813269000,41.16489137,-8.59443704,214.5,13.0
1411813270000,41.16486871,-8.59431547,214.89999389648438,11.0
1411813271000,41.16484668,-8.59424411,215.3000030517578,11.0
1411813272000,41.16483065,-8.59409274,213.89999389648438,11.0
1411813273000,41.16479405,-8.59395981,216.5,11.0
1411813274000,41.16477622,-8.59385741,216.60000610351563,12.0
1411813275000,41.16476161,-8.59375754,216.60000610351563,12.0
1411813276000,41.16477848,-8.59368808,217.10000610351563,11.0
1411813277000,41.1647666,-8.59361424,216.89999389648438,12.0
1411813278000,41.1647592,-8.59354275,216.89999389648438,12.0
1411813279000,41.16475457,-8.59347477,216.6999969482422,12.0
1411813281000,41.16481958,-8.59342094,217.3000030517578,11.0
1411813283000,41.16486684,-8.59344916,207.89999389648438,11.0
1411813285000,41.16489208,-8.59351928,208.1999969482422,11.0
1411813287000,41.16490955,-8.59365822,208.0,11.0
1411813288000,41.16492946,-8.5937517,207.8000030517578,10.0
1411813289000,41.16494267,-8.59383439,207.8000030517578,11.0
1411813290000,41.16494893,-8.59392363,207.3000030517578,11.0
1411813291000,41.16497168,-8.59402613,208.8000030517578,10.0
1411813292000,41.16499159,-8.59413177,209.10000610351563,10.0
1411813293000,41.16499553,-8.59424701,208.39999389648438,10.0
1411813294000,41.16501296,-8.59434509,209.5,10.0
1411813295000,41.1650268,-8.59444286,209.89999389648438,11.0
1411813296000,41.16503605,-8.59453771,209.6999969482422,11.0
1411813297000,41.16504596,-8.59463534,209.6999969482422,11.0
1411813298000,41.16505827,-8.59473294,209.5,12.0
1411813299000,41.16506097,-8.59483774,208.8000030517578,12.0
1411813300000,41.1650874,-8.59494163,208.8000030517578,12.0
1411813301000,41.16510604,-8.5950393,208.60000610351563,13.0
1411813302000,41.16511521,-8.59513055,207.6999969482422,13.0
1411813303000,41.16512924,-8.59522476,208.10000610351563,13.0
1411813304000,41.16514487,-8.59531462,208.39999389648438,14.0
1411813305000,41.16515846,-8.5953918,208.6999969482422,14.0
1411813306000,41.16516231,-8.59533242,208.5,12.0
1411813307000,41.16515796,-8.5954156,208.0,12.0
1411813308000,41.16512188,-8.59545251,207.0,12.0
1411813309000,41.16509575,-8.59554373,203.60000610351563,12.0
1411813312000,41.16503819,-8.5955235,207.39999389648438,11.0
1411813313000,41.16503921,-8.59546361,207.39999389648438,10.0
1411813316000,41.16500029,-8.59539884,210.3000030517578,11.0
1411813317000,41.16497805,-8.59533566,210.10000610351563,10.0
1411813318000,41.16495757,-8.59522025,209.3000030517578,11.0
1411813319000,41.16494311,-8.59514484,208.8000030517578,11.0
1411813320000,41.16494921,-8.59503971,209.3000030517578,11.0
1411813321000,41.16493039,-8.59491275,208.6999969482422,11.0
1411813322000,41.16492073,-8.59482173,208.6999969482422,10.0
1411813323000,41.16491987,-8.59473971,208.60000610351563,10.0
1411813324000,41.16489451,-8.59463404,208.89999389648438,11.0
1411813325000,41.16491844,-8.59455332,210.39999389648438,11.0
1411813326000,41.16490358,-8.59445465,210.3000030517578,12.0
1411813327000,41.16489976,-8.59434531,210.10000610351563,12.0
1411813328000,41.16487211,-8.59425649,210.5,11.0
1411813329000,41.1648616,-8.59416792,210.60000610351563,11.0
1411813330000,41.16483574,-8.59404239,210.39999389648438,11.0
1411813331000,41.16484203,-8.59393843,210.0,11.0
1411813332000,41.16481569,-8.5938042,210.60000610351563,10.0
1411813333000,41.1647947,-8.59369792,210.3000030517578,11.0
1411813334000,41.16477017,-8.59358236,210.6999969482422,12.0
1411813335000,41.16474873,-8.59345578,210.6999969482422,12.0
1411813336000,41.1647424,-8.59333755,210.60000610351563,11.0
1411813337000,41.16473379,-8.59319146,210.6999969482422,12.0
1411813338000,41.16473597,-8.59308721,210.60000610351563,11.0
1411813339000,41.16469795,-8.5929927,211.0,12.0
1411813340000,41.16466626,-8.59288444,211.1999969482422,12.0
1411813341000,41.16464537,-8.59273704,211.60000610351563,11.0
1411813342000,41.16462278,-8.59261594,211.8000030517578,11.0
1411813343000,41.16461617,-8.59250638,211.39999389648438,10.0
1411813344000,41.16460142,-8.59237467,211.8000030517578,11.0
1411813345000,41.16458305,-8.59227977,211.6999969482422,11.0
1411813346000,41.16454535,-8.59215912,212.0,11.0
1411813347000,41.16450585,-8.59203487,212.0,12.0
1411813348000,41.16448891,-8.59190421,212.1999969482422,12.0
1411813349000,41.16448384,-8.5917534,212.1999969482422,13.0
1411813350000,41.16449513,-8.59163826,212.10000610351563,12.0
1411813351000,41.16448875,-8.59155056,212.1999969482422,11.0
1411813352000,41.16446573,-8.59144035,212.10000610351563,10.0
1411813353000,41.16444797,-8.59132836,211.60000610351563,10.0
1411813354000,41.16443317,-8.59121062,211.89999389648438,10.0
1411813355000,41.16441705,-8.59111196,212.0,10.0
1411813356000,41.16442482,-8.59102582,212.0,10.0
1411813357000,41.16440078,-8.59094186,211.89999389648438,10.0
1411813358000,41.16439775,-8.59086537,212.1999969482422,10.0
1411813359000,41.16437011,-8.59078786,212.1999969482422,10.0
1411813360000,41.16434536,-8.59073423,212.60000610351563,10.0
1411813362000,41.16432587,-8.59063903,212.5,10.0
1411813363000,41.16429705,-8.59058298,211.5,10.0
1411813365000,41.16424125,-8.59049336,210.1999969482422,10.0
1411813367000,41.16420994,-8.59039906,210.0,10.0
1411813368000,41.16418777,-8.59034529,210.0,10.0
1411813370000,41.16415991,-8.59024938,209.10000610351563,10.0
1411813371000,41.16413472,-8.59019593,209.0,10.0
1411813372000,41.1641162,-8.59012146,208.6999969482422,10.0
1411813373000,41.16408771,-8.59007397,207.8000030517578,10.0
1411813374000,41.16406581,-8.59001319,207.89999389648438,10.0
1411813375000,41.16404915,-8.58995615,208.0,10.0
1411813376000,41.16403453,-8.58988774,207.6999969482422,10.0
1411813377000,41.16398802,-8.58983606,206.8000030517578,10.0
1411813379000,41.16395308,-8.58979432,204.6999969482422,9.0
1411813382000,41.16387743,-8.58979656,202.60000610351563,9.0
1411813384000,41.16380359,-8.58983579,200.0,10.0
1411813385000,41.16376372,-8.58987891,199.89999389648438,10.0
1411813386000,41.16372229,-8.58991688,200.10000610351563,10.0
1411813387000,41.16367493,-8.58995576,200.10000610351563,10.0
1411813388000,41.16362247,-8.59000138,199.8000030517578,10.0
1411813389000,41.16356734,-8.59004587,200.0,11.0
1411813390000,41.16351573,-8.59009441,199.60000610351563,11.0
1411813391000,41.16345834,-8.59014566,199.5,11.0
1411813392000,41.16339613,-8.59018388,199.60000610351563,11.0
1411813393000,41.1633292,-8.59024587,199.60000610351563,11.0
1411813394000,41.16326263,-8.5902935,199.5,11.0
1411813395000,41.16320266,-8.59035358,199.1999969482422,10.0
1411813396000,41.16313846,-8.59041154,199.39999389648438,11.0
1411813397000,41.16309982,-8.59044648,199.0,11.0
1411813398000,41.16305598,-8.59049805,198.8000030517578,11.0
1411813399000,41.16300143,-8.59053436,199.0,11.0
1411813400000,41.16294844,-8.59058441,198.6999969482422,11.0
1411813401000,41.1628866,-8.5905986,202.0,11.0
1411813402000,41.16282877,-8.59070084,200.6999969482422,11.0
1411813393077,41.1640063,-8.589621,0.0,97.5979995727539
1411813403000,41.16278804,-8.59072991,195.10000610351563,10.0
1411813404000,41.16273325,-8.59079155,195.10000610351563,10.0
1411813405000,41.16266541,-8.59084458,197.10000610351563,10.0
1411813406000,41.16263559,-8.59089784,194.1999969482422,11.0
1411813407000,41.16258425,-8.59096916,193.89999389648438,11.0
1411813408000,41.16253103,-8.59103531,192.39999389648438,11.0
1411813409000,41.1624701,-8.59110332,192.39999389648438,12.0
1411813410000,41.16241197,-8.5911537,192.8000030517578,12.0
1411813411000,41.16232871,-8.59121784,192.8000030517578,13.0
1411813412000,41.16226384,-8.5911907,192.60000610351563,11.0
1411813413000,41.16219854,-8.59127559,192.6999969482422,11.0
1411813414000,41.16213277,-8.59132576,193.0,11.0
1411813415000,41.16207739,-8.59139129,193.5,11.0
1411813416000,41.16202038,-8.59143022,193.39999389648438,11.0
1411813417000,41.1619696,-8.59146464,193.3000030517578,11.0
1411813418000,41.16192748,-8.59151647,194.10000610351563,11.0
1411813419000,41.16188177,-8.59156954,194.3000030517578,12.0
1411813420000,41.161807,-8.5916331,194.1999969482422,10.0
1411813421000,41.16174207,-8.5917033,196.3000030517578,10.0
1411813422000,41.16167718,-8.5917565,196.6999969482422,11.0
1411813413156,41.1640063,-8.589621,0.0,97.5979995727539
1411813423000,41.16160877,-8.59179908,196.5,10.0
1411813424000,41.16153501,-8.59186166,196.89999389648438,10.0
1411813425000,41.16147092,-8.59191118,197.10000610351563,11.0
1411813426000,41.16142199,-8.59197051,197.5,11.0
1411813428000,41.16133341,-8.59199725,196.1999969482422,10.0
1411813429000,41.16129506,-8.59203379,196.3000030517578,11.0
1411813430000,41.16125525,-8.59206401,196.3000030517578,11.0
1411813432000,41.16120982,-8.59211533,196.5,12.0
1411813436000,41.16115955,-8.59213788,196.39999389648438,12.0
1411813438000,41.16112793,-8.59218238,196.3000030517578,12.0
1411813440000,41.1610586,-8.59226026,196.39999389648438,11.0
1411813441000,41.16100887,-8.59233168,196.3000030517578,11.0
1411813443000,41.16091443,-8.59240462,196.6999969482422,12.0
1411813433621,41.1610371,-8.5920902,0.0,30.0
1411813445000,41.1608276,-8.59249554,195.60000610351563,11.0
1411813446000,41.16077006,-8.59260978,194.8000030517578,11.0
1411813447000,41.16072424,-8.59269199,194.89999389648438,12.0
1411813448000,41.16068476,-8.59276584,195.3000030517578,12.0
1411813449000,41.16063846,-8.5928931,195.0,12.0
1411813450000,41.16060472,-8.59302926,195.0,13.0
1411813451000,41.16056534,-8.59315597,194.8000030517578,13.0
1411813452000,41.16053013,-8.59325039,195.1999969482422,12.0
1411813453000,41.16050345,-8.59330793,196.5,13.0
1411813454000,41.16052422,-8.59339492,197.3000030517578,12.0
1411813455000,41.16055042,-8.59349776,198.89999389648438,12.0
1411813456000,41.16057984,-8.5935949,199.10000610351563,12.0
1411813457000,41.16056256,-8.59368585,199.1999969482422,12.0
1411813458000,41.16059359,-8.59378794,198.6999969482422,12.0
1411813459000,41.16063034,-8.59392208,199.10000610351563,12.0
1411813460000,41.16059321,-8.59403966,201.10000610351563,11.0
1411813461000,41.16059891,-8.59415128,201.89999389648438,11.0
1411813462000,41.16062305,-8.59427597,202.89999389648438,11.0
1411813463000,41.16063022,-8.5944029,203.3000030517578,12.0
1411813464000,41.16065374,-8.59452137,204.0,11.0
1411813465000,41.16066626,-8.5946662,205.10000610351563,11.0
1411813466000,41.1606772,-8.59478229,205.3000030517578,11.0
1411813467000,41.16069884,-8.59491337,205.10000610351563,11.0
1411813468000,41.16072453,-8.59503841,205.1999969482422,10.0
1411813469000,41.16073731,-8.59517101,206.3000030517578,10.0
1411813470000,41.16075001,-8.59528754,206.39999389648438,10.0
1411813471000,41.1607544,-8.59540898,207.1999969482422,10.0
1411813472000,41.16075797,-8.59553442,207.60000610351563,11.0
1411813473000,41.16077774,-8.59564637,207.1999969482422,11.0
1411813474000,41.16079237,-8.59576359,207.1999969482422,11.0
1411813475000,41.16079988,-8.59587062,206.0,11.0
1411813476000,41.16080903,-8.59595992,205.10000610351563,11.0
1411813477000,41.16082689,-8.59604606,205.39999389648438,11.0
1411813479000,41.16083161,-8.59617219,205.3000030517578,12.0
1411813481000,41.16083843,-8.5962877,205.60000610351563,11.0
1411813482000,41.16087086,-8.59634386,205.6999969482422,11.0
1411813483000,41.16087362,-8.59640414,205.10000610351563,11.0
1411813484000,41.16090035,-8.59647142,205.39999389648438,11.0
1411813485000,41.16090012,-8.59654102,205.1999969482422,11.0
1411813486000,41.1609037,-8.59660692,204.60000610351563,11.0
1411813487000,41.16092616,-8.59669724,205.1999969482422,10.0
1411813488000,41.16092954,-8.59678735,206.10000610351563,10.0
1411813489000,41.16094322,-8.59687294,206.3000030517578,10.0
1411813490000,41.16096176,-8.59697186,207.39999389648438,11.0
1411813491000,41.16098165,-8.59707578,207.8000030517578,11.0
1411813492000,41.16097929,-8.59717039,207.8000030517578,11.0
1411813493000,41.16095699,-8.59728511,208.3000030517578,11.0
1411813494000,41.16096291,-8.59740897,209.3000030517578,11.0
1411813495000,41.16097994,-8.59750934,209.6999969482422,11.0
1411813496000,41.16098059,-8.59760444,209.39999389648438,11.0
1411813497000,41.16098509,-8.59768848,208.89999389648438,11.0
1411813498000,41.16098312,-8.59778522,209.6999969482422,10.0
1411813499000,41.16099276,-8.59785473,209.39999389648438,11.0
1411813501000,41.16098468,-8.59794242,210.1999969482422,11.0
1411813503000,41.16101006,-8.59803762,210.6999969482422,11.0
1411813524000,41.16104227,-8.59810429,211.89999389648438,10.0
1411813525000,41.16104308,-8.59819902,212.1999969482422,10.0
1411813526000,41.16105217,-8.59829613,212.39999389648438,10.0
1411813527000,41.16106566,-8.59839982,212.8000030517578,11.0
1411813528000,41.16107529,-8.5984892,212.6999969482422,11.0
1411813529000,41.16108899,-8.59858903,213.0,12.0
1411813530000,41.16108356,-8.59867418,213.3000030517578,13.0
1411813531000,41.16108776,-8.59876324,213.3000030517578,13.0
1411813532000,41.16109192,-8.59885219,213.1999969482422,14.0
1411813533000,41.16107068,-8.59898911,213.10000610351563,15.0
1411813534000,41.16105604,-8.59914211,213.0,14.0
1411813535000,41.1610485,-8.5992571,212.89999389648438,14.0
1411813536000,41.16109764,-8.59943652,213.5,14.0
1411813537000,41.16117821,-8.59959473,213.39999389648438,13.0
1411813538000,41.16117534,-8.59970812,213.3000030517578,12.0
1411813539000,41.16120528,-8.59981911,213.3000030517578,12.0
1411813540000,41.16119334,-8.59994995,213.10000610351563,12.0
1411813541000,41.16122302,-8.60004083,213.0,12.0
1411813542000,41.16128101,-8.60012024,214.10000610351563,12.0
1411813543000,41.16128164,-8.6001837,214.1999969482422,13.0
1411813544000,41.16128488,-8.60024539,214.0,12.0
1411813545000,41.16123614,-8.60031058,213.3000030517578,12.0
1411813546000,41.1611926,-8.60036231,213.89999389648438,12.0
1411813547000,41.16115493,-8.60040795,213.89999389648438,12.0
1411813548000,41.16106958,-8.60045374,213.3000030517578,12.0
1411813549000,41.16100688,-8.60050026,213.1999969482422,12.0
1411813550000,41.16095273,-8.60052794,213.3000030517578,12.0
1411813551000,41.16089021,-8.60057141,213.3000030517578,13.0
1411813552000,41.16083243,-8.60062352,213.0,14.0
1411813553000,41.16078548,-8.60068663,213.1999969482422,14.0
1411813554000,41.16070388,-8.60067822,213.0,14.0
1411813555000,41.16062505,-8.60066347,212.8000030517578,13.0
1411813556000,41.16050199,-8.60070433,213.39999389648438,11.0
1411813557000,41.16042539,-8.60073008,213.60000610351563,11.0
1411813558000,41.1603437,-8.60075033,213.6999969482422,12.0
1411813559000,41.1602609,-8.60076536,213.8000030517578,12.0
1411813560000,41.16016649,-8.60078115,213.60000610351563,12.0
1411813561000,41.16007982,-8.60078274,213.0,12.0
1411813562000,41.15999049,-8.60082073,212.89999389648438,12.0
1411813563000,41.15994654,-8.60083596,213.0,11.0
1411813564000,41.15988245,-8.60085783,213.0,12.0
1411813565000,41.15983204,-8.60087554,212.89999389648438,12.0
1411813567000,41.15974244,-8.60091745,213.10000610351563,13.0
1411813568000,41.15969802,-8.60093868,213.1999969482422,14.0
1411813569000,41.15965367,-8.6008879,213.10000610351563,13.0
1411813571000,41.15958876,-8.60094301,213.0,12.0
1411813573000,41.15950087,-8.60096088,213.0,12.0
1411813574000,41.15944043,-8.60096079,212.89999389648438,12.0
1411813575000,41.15938553,-8.60096142,213.0,13.0
1411813576000,41.15931017,-8.60098992,213.3000030517578,12.0
1411813577000,41.15925037,-8.6010527,212.60000610351563,12.0
1411813578000,41.15919553,-8.60104896,212.60000610351563,12.0
1411813579000,41.15912597,-8.60106239,212.5,12.0
1411813580000,41.15905935,-8.60107263,212.3000030517578,12.0
1411813581000,41.15898068,-8.60107336,212.39999389648438,12.0
1411813582000,41.15890552,-8.60108042,212.5,13.0
1411813583000,41.15883407,-8.60108752,212.60000610351563,13.0
1411813584000,41.1587594,-8.60111464,212.60000610351563,14.0
1411813585000,41.15868347,-8.60111872,212.39999389648438,15.0
1411813586000,41.15860505,-8.60113803,212.60000610351563,16.0
1411813587000,41.1584928,-8.6011398,212.89999389648438,13.0
1411813588000,41.15839979,-8.60124975,212.89999389648438,13.0
1411813589000,41.15832617,-8.60131483,212.89999389648438,14.0
1411813590000,41.15823206,-8.60145016,212.6999969482422,13.0
1411813591000,41.15814579,-8.60148356,212.5,13.0
1411813592000,41.15808789,-8.60151081,212.8000030517578,14.0
1411813593000,41.15801162,-8.6015479,212.8000030517578,14.0
1411813594000,41.1579525,-8.60161887,212.60000610351563,14.0
1411813595000,41.15788426,-8.60165815,212.60000610351563,15.0
1411813596000,41.15782187,-8.60169316,212.60000610351563,16.0
1411813597000,41.1577572,-8.60172926,212.60000610351563,17.0
1411813598000,41.15769804,-8.6017932,212.60000610351563,18.0
1411813599000,41.15763052,-8.60183179,212.5,22.0
1411813600000,41.15756834,-8.60187151,212.60000610351563,26.0
1411813601000,41.15749473,-8.60195485,212.6999969482422,29.0
1411813602000,41.15743321,-8.60199363,212.8000030517578,33.0
1411813603000,41.15736696,-8.60203615,212.8000030517578,38.0
1411813604000,41.15732333,-8.60209776,212.6999969482422,38.0
1411813605000,41.15725013,-8.60213829,212.6999969482422,43.0
1411813606000,41.15717326,-8.60216893,212.6999969482422,27.0
1411813607000,41.15708503,-8.60219972,212.60000610351563,24.0
1411813608000,41.15699503,-8.60217226,212.39999389648438,23.0
1411813609000,41.15689418,-8.60219744,212.1999969482422,23.0
1411813610000,41.15682617,-8.60215615,212.10000610351563,21.0
1411813611000,41.15676041,-8.60218275,211.89999389648438,19.0
1411813612000,41.15669093,-8.60210152,211.89999389648438,17.0
1411813613000,41.15660552,-8.60220236,211.89999389648438,16.0
1411813614000,41.15652211,-8.60227216,211.8000030517578,15.0
1411813615000,41.15644266,-8.60228474,211.8000030517578,15.0
1411813616000,41.15636196,-8.60230797,211.8000030517578,15.0
1411813617000,41.15627995,-8.60232843,211.6999969482422,15.0
1411813618000,41.15620004,-8.6023448,211.6999969482422,15.0
1411813619000,41.15611741,-8.60236899,211.60000610351563,16.0
1411813620000,41.15602198,-8.60240755,211.5,16.0
1411813621000,41.15594034,-8.60235554,211.5,16.0
1411813622000,41.15585734,-8.60235029,211.5,19.0
1411813623000,41.15577108,-8.60239267,211.39999389648438,17.0
1411813624000,41.15571067,-8.60242572,211.39999389648438,15.0
1411813625000,41.1556389,-8.60244035,211.1999969482422,15.0
1411813626000,41.15555374,-8.60258624,212.3000030517578,13.0
1411813627000,41.15547394,-8.60262152,212.10000610351563,13.0
1411813628000,41.15540419,-8.60266717,211.89999389648438,13.0
1411813629000,41.15531334,-8.60269434,212.8000030517578,13.0
1411813630000,41.15524513,-8.60274891,212.8000030517578,14.0
1411813631000,41.15517025,-8.60280547,212.8000030517578,14.0
1411813632000,41.15510289,-8.6028295,212.6999969482422,14.0
1411813633000,41.1550417,-8.60283853,212.39999389648438,13.0
1411813634000,41.15498784,-8.60283351,212.60000610351563,12.0
1411813635000,41.1549249,-8.60282086,212.8000030517578,12.0
1411813636000,41.15487842,-8.60285379,214.5,12.0
1411813638000,41.15482866,-8.60290592,211.6999969482422,11.0
1411813640000,41.1547851,-8.60288756,212.6999969482422,12.0
1411813685000,41.15472645,-8.60293804,212.3000030517578,11.0
1411813687000,41.15457803,-8.60300135,210.89999389648438,11.0
1411813688000,41.15450566,-8.60304079,210.0,11.0
1411813689000,41.15442822,-8.60307014,209.3000030517578,11.0
1411813690000,41.15434666,-8.6030894,209.39999389648438,11.0
1411813691000,41.15426755,-8.60313076,208.89999389648438,11.0
1411813692000,41.15417769,-8.60315768,208.5,10.0
1411813693000,41.15410988,-8.60319157,208.5,10.0
1411813694000,41.15403781,-8.60322678,208.3000030517578,10.0
1411813695000,41.15395024,-8.60327155,208.3000030517578,11.0
1411813696000,41.15387267,-8.60329397,208.1999969482422,10.0
1411813697000,41.15379036,-8.60332156,208.3000030517578,11.0
1411813698000,41.15368183,-8.60336437,207.60000610351563,11.0
1411813699000,41.15360978,-8.60338351,207.5,11.0
1411813700000,41.15352374,-8.60340909,207.5,12.0
1411813701000,41.15343252,-8.60344928,207.5,12.0
1411813702000,41.15336246,-8.60347163,207.1999969482422,11.0
1411813703000,41.15327606,-8.60350501,207.10000610351563,11.0
1411813704000,41.15318223,-8.60356078,207.0,11.0
1411813705000,41.15309722,-8.6035964,206.5,11.0
1411813706000,41.15300847,-8.60364764,206.5,11.0
1411813707000,41.15291262,-8.60368553,206.1999969482422,11.0
1411813708000,41.15283451,-8.60373039,206.60000610351563,11.0
1411813709000,41.15275672,-8.60376767,206.39999389648438,12.0
1411813710000,41.15269648,-8.60377362,206.0,11.0
1411813711000,41.15259117,-8.60380409,205.8000030517578,12.0
1411813712000,41.15251654,-8.60385049,205.5,12.0
1411813713000,41.15245197,-8.60387265,205.39999389648438,13.0
1411813714000,41.15238134,-8.60389906,205.3000030517578,13.0
1411813715000,41.15231722,-8.60397542,205.3000030517578,14.0
1411813716000,41.15224423,-8.60398733,204.89999389648438,13.0
1411813717000,41.15216383,-8.60400999,204.6999969482422,14.0
1411813718000,41.15208683,-8.60401232,204.3000030517578,14.0
1411813719000,41.15200864,-8.6040362,204.1999969482422,14.0
1411813720000,41.15191916,-8.60406882,203.89999389648438,14.0
1411813721000,41.151856,-8.60408017,203.89999389648438,14.0
1411813722000,41.15179552,-8.60409037,204.0,14.0
1411813723000,41.15171862,-8.60410952,203.89999389648438,15.0
1411813724000,41.15164506,-8.60412598,203.6999969482422,16.0
1411813725000,41.15157153,-8.6041472,203.6999969482422,16.0
1411813726000,41.15150092,-8.60416228,203.5,17.0
1411813727000,41.15144137,-8.60418263,203.39999389648438,18.0
1411813728000,41.15139996,-8.6040854,203.5,17.0
1411813729000,41.15135303,-8.60406729,203.39999389648438,17.0
1411813730000,41.1513099,-8.60411895,203.39999389648438,16.0
1411813731000,41.15124859,-8.60409609,203.3000030517578,15.0
1411813732000,41.1511775,-8.6040701,202.89999389648438,17.0
1411813733000,41.15113515,-8.60402247,202.8000030517578,17.0
1411813735000,41.15106514,-8.60404949,202.89999389648438,19.0
1411813737000,41.15101247,-8.60398702,202.6999969482422,22.0
1411813739000,41.15098743,-8.60404177,202.60000610351563,26.0
1411813757000,41.15097572,-8.60397874,202.0,41.0
1411813763000,41.1509449,-8.603917,202.10000610351563,41.0
1411813767000,41.15091301,-8.60386854,202.10000610351563,36.0
1411813770000,41.15088956,-8.60395013,200.1999969482422,21.0
1411813772000,41.1508007,-8.60436598,199.39999389648438,15.0
1411813774000,41.15073016,-8.60433919,198.6999969482422,14.0
1411813775000,41.15068612,-8.60432282,198.1999969482422,14.0
1411813776000,41.15059457,-8.60429307,198.39999389648438,14.0
1411813777000,41.15053566,-8.60428377,198.5,14.0
1411813778000,41.15047168,-8.60425579,199.0,13.0
1411813779000,41.1504086,-8.60424376,198.89999389648438,13.0
1411813780000,41.15034671,-8.60422599,199.10000610351563,13.0
1411813781000,41.15027444,-8.60423005,199.1999969482422,13.0
1411813782000,41.15020221,-8.60423142,199.3000030517578,13.0
1411813783000,41.15015202,-8.60419649,198.89999389648438,14.0
1411813784000,41.15009238,-8.60417401,198.89999389648438,14.0
1411813785000,41.15003993,-8.60414837,198.89999389648438,15.0
1411813786000,41.14999161,-8.60410115,198.8000030517578,15.0
1411813787000,41.14994695,-8.60411963,198.8000030517578,15.0
1411813789000,41.14989347,-8.60409505,198.89999389648438,16.0
1411813792000,41.14984744,-8.60407069,198.6999969482422,16.0
1411813794000,41.14980827,-8.60410633,197.6999969482422,15.0
1411813799000,41.1497561,-8.60411951,196.6999969482422,15.0
1411813803000,41.14969936,-8.6041505,196.0,15.0
1411813805000,41.14965101,-8.60415348,195.5,15.0
1411813807000,41.14959686,-8.60414988,195.39999389648438,16.0
1411813809000,41.14953112,-8.60415369,195.0,17.0
1411813811000,41.14946692,-8.60414928,194.39999389648438,19.0
1411813813000,41.14940766,-8.60413662,194.1999969482422,21.0
1411813815000,41.14930888,-8.60438576,193.60000610351563,15.0
1411813818000,41.14925637,-8.60441595,192.89999389648438,14.0
1411813821000,41.14927713,-8.60449189,193.39999389648438,13.0
1411813823000,41.14929883,-8.60459188,194.10000610351563,13.0
1411813825000,41.14934737,-8.60468768,194.39999389648438,14.0
1411813826000,41.14937708,-8.60473604,194.3000030517578,15.0
1411813827000,41.14940681,-8.60479736,193.8000030517578,15.0
1411813828000,41.14948305,-8.60492106,193.39999389648438,15.0
1411813829000,41.14952163,-8.60497094,191.39999389648438,15.0
1411813830000,41.14955628,-8.60502277,193.1999969482422,15.0
1411813831000,41.1496082,-8.60504099,193.39999389648438,14.0
1411813832000,41.1496401,-8.60509469,193.3000030517578,14.0
1411813834000,41.14969113,-8.60514358,192.6999969482422,14.0
1411813836000,41.14972154,-8.60522097,193.1999969482422,14.0
1411813841000,41.14975124,-8.60528946,193.5,14.0
1411813844000,41.14975237,-8.60536053,192.89999389648438,14.0
1411813847000,41.14978867,-8.60544599,193.60000610351563,14.0
1411813848000,41.14980036,-8.60555074,192.89999389648438,14.0
1411813849000,41.14972191,-8.60580649,191.8000030517578,14.0
1411813850000,41.14973679,-8.60589025,191.3000030517578,14.0
1411813851000,41.14978,-8.60597344,191.10000610351563,15.0
1411813852000,41.14980491,-8.60607107,191.39999389648438,14.0
1411813853000,41.1498253,-8.60613765,191.8000030517578,14.0
1411813854000,41.14982576,-8.60622742,191.3000030517578,15.0
1411813855000,41.14983253,-8.6063087,191.10000610351563,16.0
1411813856000,41.14984871,-8.60638272,191.10000610351563,15.0
1411813857000,41.14986533,-8.60646811,191.1999969482422,16.0
1411813858000,41.14988203,-8.60654597,191.3000030517578,18.0
1411813859000,41.14989545,-8.60662979,191.39999389648438,21.0
1411813860000,41.14991798,-8.60670471,191.60000610351563,22.0
1411813861000,41.14993501,-8.60678358,191.6999969482422,23.0
1411813862000,41.14991654,-8.6068761,191.5,18.0
1411813864000,41.14993697,-8.60696223,191.6999969482422,14.0
1411813866000,41.14997127,-8.6070488,192.10000610351563,14.0
1411813871000,41.14991836,-8.60706781,192.3000030517578,12.0
1411813880000,41.14993506,-8.60700417,191.1999969482422,12.0
1411813884000,41.14997324,-8.60694907,190.60000610351563,13.0
1411813892000,41.14995823,-8.60701779,189.1999969482422,12.0
1411813902000,41.14996132,-8.60707733,188.60000610351563,11.0
1411813917000,41.1499792,-8.60715062,185.10000610351563,11.0
1411813919000,41.15001597,-8.60726168,183.10000610351563,11.0
1411813920000,41.15003416,-8.6073276,183.5,11.0
1411813921000,41.15006921,-8.60744246,182.89999389648438,11.0
1411813922000,41.15008017,-8.60751498,182.8000030517578,12.0
1411813923000,41.15009025,-8.60759938,182.6999969482422,12.0
1411813924000,41.15010268,-8.60768474,181.89999389648438,13.0
1411813925000,41.150111,-8.60777282,181.5,13.0
1411813926000,41.15011781,-8.60786493,181.1999969482422,14.0
1411813927000,41.15012947,-8.60795267,181.5,15.0
1411813928000,41.15014722,-8.60803276,181.89999389648438,15.0
1411813929000,41.15016605,-8.60812912,181.5,16.0
1411813930000,41.15017941,-8.60822423,181.5,19.0
1411813931000,41.15019402,-8.60831081,181.39999389648438,24.0
1411813932000,41.15020484,-8.60839791,180.8000030517578,30.0
1411813933000,41.15021407,-8.60848375,180.5,37.0
1411813934000,41.15022148,-8.60857636,180.10000610351563,45.0
1411813935000,41.15023637,-8.60864849,179.89999389648438,49.0
1411813936000,41.15027087,-8.60873875,179.3000030517578,53.0
1411813937000,41.15028421,-8.60880637,179.3000030517578,53.0
1411813938000,41.15030131,-8.60888061,178.89999389648438,54.0
1411813939000,41.15032223,-8.60893817,178.5,49.0
1411813940000,41.15036703,-8.60902412,179.3000030517578,47.0
1411813941000,41.15032756,-8.60907214,179.60000610351563,29.0
1411813942000,41.15035788,-8.60916794,180.8000030517578,25.0
1411813943000,41.15039927,-8.60928509,181.1999969482422,21.0
1411813944000,41.15044202,-8.60939148,181.60000610351563,18.0
1411813945000,41.15051092,-8.60951786,182.10000610351563,16.0
1411813947000,41.15055836,-8.60962256,182.10000610351563,14.0
1411813950000,41.15058314,-8.60968876,180.60000610351563,12.0
1411814006000,41.15061412,-8.60974681,180.6999969482422,11.0
1411814008000,41.15063786,-8.60983461,180.3000030517578,11.0
1411814010000,41.15068146,-8.60989941,178.39999389648438,11.0
1411814012000,41.15073131,-8.60995167,179.0,12.0
1411814014000,41.15081906,-8.6099141,182.0,12.0
1411814015000,41.15087504,-8.60986947,181.6999969482422,12.0
1411814016000,41.15105652,-8.60972238,183.1999969482422,12.0
1411814017000,41.151107089999996,-8.60968068,181.60000610351563,12.0
1411814018000,41.15115046,-8.60964377,182.0,12.0
1411814019000,41.15118458,-8.60960388,180.6999969482422,12.0
1411814021000,41.15121457,-8.60954864,180.3000030517578,12.0
1411814026000,41.15117555,-8.60951883,178.3000030517578,13.0
1411814032000,41.1511698,-8.60945853,172.8000030517578,16.0
1411814045000,41.15119633,-8.60940894,174.1999969482422,10.0
1411814050000,41.15124731,-8.60939132,174.8000030517578,10.0
1411814052000,41.15133665,-8.60940097,174.60000610351563,11.0
1411814053000,41.15138488,-8.60942372,174.1999969482422,11.0
1411814054000,41.15143026,-8.6094552,174.5,12.0
1411814055000,41.15147438,-8.60949595,175.5,11.0
1411814056000,41.15154876,-8.60963578,178.1999969482422,12.0
1411814057000,41.15159044,-8.60970697,179.1999969482422,12.0
1411814058000,41.15161338,-8.60976163,178.1999969482422,12.0
1411814059000,41.15163929,-8.60981314,178.10000610351563,12.0
1411814064000,41.15164578,-8.60987543,177.89999389648438,11.0
1411814084000,41.15158527,-8.60993968,177.1999969482422,11.0
1411814086000,41.15150369,-8.60997683,176.10000610351563,11.0
1411814087000,41.15146154,-8.61000393,175.89999389648438,11.0
1411814088000,41.15140138,-8.61004819,176.3000030517578,11.0
1411814089000,41.15133824,-8.61005853,177.0,12.0
1411814090000,41.15125948,-8.61008754,176.0,13.0
1411814091000,41.15116225,-8.61012284,174.5,14.0
1411814092000,41.15110208,-8.6101619,173.39999389648438,15.0
1411814093000,41.15105015,-8.61016595,172.1999969482422,15.0
1411814094000,41.15099757,-8.61022065,172.39999389648438,15.0
1411814095000,41.15096173,-8.61027068,173.10000610351563,15.0
1411814096000,41.15090328,-8.61034084,173.8000030517578,15.0
1411814097000,41.15084012,-8.61040511,173.5,16.0
1411814098000,41.15076266,-8.61046608,173.10000610351563,16.0
1411814099000,41.15068821,-8.61051952,173.1999969482422,18.0
1411814100000,41.1506021,-8.6105323,173.10000610351563,19.0
1411814101000,41.15052013,-8.6105554,173.0,22.0
1411814102000,41.15044355,-8.61056406,173.0,25.0
1411814103000,41.1503614,-8.61076115,166.39999389648438,20.0
1411814104000,41.15028361,-8.61070984,165.60000610351563,18.0
1411814105000,41.1502151,-8.61070915,165.60000610351563,18.0
1411814106000,41.15016691,-8.61076869,165.60000610351563,16.0
1411814107000,41.15009296,-8.61082769,166.0,16.0
1411814108000,41.15000541,-8.61086208,165.3000030517578,16.0
1411814109000,41.14992057,-8.61085122,164.6999969482422,15.0
1411814110000,41.14984636,-8.6108578,164.89999389648438,16.0
1411814111000,41.14976663,-8.61086872,164.89999389648438,17.0
1411814112000,41.14970323,-8.6109084,165.39999389648438,16.0
1411814113000,41.14962169,-8.6109402,165.3000030517578,16.0
1411814114000,41.14954197,-8.61096948,165.0,14.0
1411814115000,41.14947138,-8.61099216,165.8000030517578,14.0
1411814116000,41.14939529,-8.61099978,165.6999969482422,14.0
1411814117000,41.14931326,-8.61100929,165.89999389648438,14.0
1411814118000,41.14924695,-8.61108216,166.1999969482422,14.0
1411814119000,41.14919515,-8.61107403,166.0,13.0
1411814120000,41.14913972,-8.61115206,167.0,14.0
1411814121000,41.14910008,-8.61111676,167.5,13.0
1411814122000,41.14904394,-8.61117645,167.3000030517578,13.0
1411814123000,41.14899824,-8.61119529,167.10000610351563,13.0
1411814125000,41.14894164,-8.61121016,166.89999389648438,13.0
1411814127000,41.14893588,-8.61129796,166.3000030517578,14.0
1411814130000,41.14893076,-8.61137527,165.8000030517578,15.0
1411814131000,41.148971,-8.61140875,165.60000610351563,15.0
1411814134000,41.14901248,-8.6113769,164.89999389648438,15.0
1411814136000,41.14906434,-8.61136664,164.8000030517578,14.0
1411814142000,41.14899715,-8.61135674,164.0,11.0
1411814143000,41.14892998,-8.61135161,164.1999969482422,11.0
1411814144000,41.14876346,-8.61136569,164.1999969482422,11.0
1411814145000,41.1487037,-8.61138474,164.8000030517578,11.0
1411814146000,41.14865468,-8.6113947,164.3000030517578,11.0
1411814147000,41.14859293,-8.61140858,163.1999969482422,10.0
1411814148000,41.14851918,-8.61142432,163.1999969482422,11.0
1411814149000,41.1484481,-8.61143686,162.8000030517578,11.0
1411814150000,41.14838719,-8.61145768,162.8000030517578,11.0
1411814151000,41.14832107,-8.61147434,162.89999389648438,12.0
1411814152000,41.14825505,-8.61149235,162.8000030517578,11.0
1411814153000,41.14818754,-8.61151845,162.8000030517578,12.0
1411814154000,41.14814075,-8.61156133,162.60000610351563,12.0
1411814155000,41.14809172,-8.61162636,162.1999969482422,12.0
1411814156000,41.14805073,-8.61159671,162.0,12.0
1411814157000,41.14800871,-8.61154117,161.3000030517578,12.0
1411814158000,41.14796609,-8.61151879,161.10000610351563,12.0
1411814160000,41.14788821,-8.61149707,162.0,12.0
1411814162000,41.14782597,-8.61148916,160.8000030517578,12.0
1411814153325,41.1487719,-8.6110489,0.0,57.00299835205078
1411814164000,41.14780951,-8.61160697,158.6999969482422,11.0
1411814166000,41.14779957,-8.61169394,159.39999389648438,12.0
1411814168000,41.14779671,-8.61181927,159.1999969482422,13.0
1411814170000,41.14778204,-8.6119198,159.0,13.0
1411814172000,41.14778112,-8.61203324,159.10000610351563,16.0
1411814174000,41.14774404,-8.61212007,159.10000610351563,20.0
1411814175000,41.14771544,-8.61217449,159.0,22.0
1411814176000,41.14768756,-8.61222856,159.0,27.0
1411814178000,41.14765929,-8.61233195,159.10000610351563,35.0
1411814180000,41.14764759,-8.61243247,159.10000610351563,49.0
1411814182000,41.14763747,-8.61253106,159.10000610351563,73.0
1411814184000,41.14764437,-8.61260183,159.1999969482422,79.0
1411814185000,41.1476313,-8.61237492,159.60000610351563,72.0
1411814188000,41.14769842,-8.6124053,159.6999969482422,47.0
1411814190000,41.14772851,-8.61246833,159.0,35.0
1411814192000,41.14784983,-8.61263041,160.0,28.0
1411814194000,41.14789303,-8.6127372,159.6999969482422,25.0
1411814195000,41.14788434,-8.61280852,159.60000610351563,24.0
1411814196000,41.14790825,-8.61286937,160.0,22.0
1411814197000,41.1479249,-8.61293825,160.10000610351563,20.0
1411814198000,41.14794289,-8.61302357,160.1999969482422,18.0
1411814199000,41.14797098,-8.61309717,160.39999389648438,17.0
1411814200000,41.14798649,-8.61317271,160.39999389648438,16.0
1411814201000,41.14799594,-8.61323194,160.39999389648438,15.0
1411814203000,41.14802674,-8.61336447,160.6999969482422,14.0
1411814204000,41.14805621,-8.61346479,161.5,14.0
1411814205000,41.14807502,-8.61354625,161.8000030517578,15.0
1411814206000,41.14814487,-8.61364772,162.3000030517578,15.0
1411814207000,41.1481618,-8.61373289,162.39999389648438,15.0
1411814208000,41.14815185,-8.61382515,162.10000610351563,15.0
1411814209000,41.14815306,-8.61391969,162.10000610351563,15.0
1411814210000,41.14807131,-8.61402388,162.3000030517578,15.0
1411814211000,41.14801151,-8.61410797,162.3000030517578,14.0
1411814212000,41.14805709,-8.61421233,162.3000030517578,14.0
1411814213000,41.14805682,-8.614339,162.0,14.0
1411814214000,41.14807143,-8.61444271,162.39999389648438,14.0
1411814215000,41.14806437,-8.61453069,162.1999969482422,14.0
1411814217000,41.14779558,-8.61456594,164.10000610351563,13.0
1411814219000,41.14780957,-8.61462403,160.6999969482422,13.0
1411814220000,41.14775039,-8.61465518,160.6999969482422,14.0
1411814221000,41.14768393,-8.61468997,160.60000610351563,15.0
1411814222000,41.14762219,-8.61470659,160.60000610351563,15.0
1411814224000,41.1475448,-8.61470952,160.60000610351563,15.0
1411814226000,41.14750315,-8.61477426,158.89999389648438,13.0
1411814228000,41.14743494,-8.61478561,159.10000610351563,13.0
1411814229000,41.14739483,-8.61481752,159.8000030517578,13.0
1411814232000,41.14734809,-8.61482943,160.1999969482422,13.0
1411814239000,41.14734719,-8.61476325,159.5,12.0
1411814259000,41.14727664,-8.614802,158.3000030517578,13.0
1411814260000,41.1472426,-8.61485231,154.0,13.0
1411814261000,41.14721463,-8.61491773,157.5,13.0
1411814262000,41.14719447,-8.61499073,159.0,13.0
1411814263000,41.14719708,-8.61508162,160.60000610351563,12.0
1411814264000,41.1472725,-8.61533134,161.3000030517578,11.0
1411814265000,41.14729203,-8.61542934,161.10000610351563,11.0
1411814266000,41.14730253,-8.61550139,160.0,11.0
1411814267000,41.14732723,-8.61556184,160.0,11.0
1411814268000,41.14732769,-8.61565157,159.3000030517578,11.0
1411814269000,41.14734058,-8.61571648,157.0,11.0
1411814271000,41.14734988,-8.61583242,152.6999969482422,11.0
1411814272000,41.14735041,-8.61590239,152.1999969482422,11.0
1411814273000,41.14733455,-8.61598689,155.6999969482422,11.0
1411814274000,41.14730966,-8.61607201,158.3000030517578,11.0
1411814275000,41.14729321,-8.61614723,157.6999969482422,11.0
1411814276000,41.14726251,-8.61620342,155.39999389648438,12.0
1411814277000,41.147233,-8.61626267,154.60000610351563,12.0
1411814278000,41.14721034,-8.61633672,153.10000610351563,12.0
1411814279000,41.14723246,-8.61641559,152.6999969482422,11.0
1411814280000,41.14720834,-8.61649746,153.60000610351563,11.0
1411814281000,41.1472221,-8.61659174,152.60000610351563,11.0
1411814282000,41.14722609,-8.61667385,152.10000610351563,11.0
1411814283000,41.14722814,-8.61675307,149.5,11.0
1411814284000,41.14723096,-8.61684314,148.1999969482422,11.0
1411814285000,41.14723327,-8.61693804,148.1999969482422,11.0
1411814286000,41.1472306,-8.61703967,147.1999969482422,11.0
1411814287000,41.14722352,-8.61712723,147.3000030517578,11.0
1411814288000,41.14721619,-8.61722592,146.8000030517578,11.0
1411814289000,41.14720237,-8.61731939,147.0,11.0
1411814290000,41.14717042,-8.61741388,148.5,11.0
1411814291000,41.147184,-8.61749163,147.6999969482422,11.0
1411814292000,41.14717882,-8.6175833,147.8000030517578,12.0
1411814293000,41.1471625,-8.61767802,148.0,11.0
1411814294000,41.14717099,-8.61776695,148.1999969482422,10.0
1411814295000,41.14716215,-8.61784964,147.8000030517578,11.0
1411814296000,41.1471088,-8.61789289,147.89999389648438,10.0
1411814298000,41.14703997,-8.61793044,147.0,10.0
1411814299000,41.14697634,-8.61789723,147.10000610351563,10.0
1411814300000,41.14692898,-8.61786875,146.89999389648438,10.0
1411814302000,41.14683429,-8.61785697,146.3000030517578,10.0
1411814304000,41.14678257,-8.61784695,146.1999969482422,10.0
1411814320000,41.14673517,-8.61785761,146.3000030517578,10.0
1411814342000,41.14669644,-8.61789169,146.1999969482422,10.0
1411814344000,41.14663891,-8.61787147,145.3000030517578,10.0
1411814345000,41.14658743,-8.61785711,146.3000030517578,10.0
1411814346000,41.14649444,-8.61784567,145.5,10.0
1411814347000,41.14643665,-8.61783514,145.5,10.0
1411814348000,41.14637684,-8.61781115,145.39999389648438,10.0
1411814349000,41.14632345,-8.61780397,145.5,10.0
1411814350000,41.14625696,-8.61778605,149.1999969482422,10.0
1411814351000,41.14619566,-8.61776975,149.5,10.0
1411814352000,41.14613107,-8.617746,149.0,10.0
1411814353000,41.14606381,-8.61772387,148.5,10.0
1411814354000,41.14599082,-8.61770149,148.60000610351563,10.0
1411814355000,41.14591971,-8.61767806,148.60000610351563,10.0
1411814356000,41.14584254,-8.61765769,148.89999389648438,11.0
1411814357000,41.1457604,-8.61762532,149.0,11.0
1411814358000,41.14568287,-8.61762153,149.39999389648438,11.0
1411814359000,41.1455998,-8.61759123,149.5,11.0
1411814360000,41.14551436,-8.61757851,149.10000610351563,12.0
1411814361000,41.14546281,-8.61757502,148.6999969482422,11.0
1411814362000,41.145397439999996,-8.6175695,148.8000030517578,10.0
1411814364000,41.14532192,-8.6175473,148.0,10.0
1411814369000,41.14527124,-8.61752272,148.39999389648438,10.0
1411814373000,41.14522192,-8.61750953,147.0,10.0
1411814375000,41.14515022,-8.61746455,146.5,10.0
1411814377000,41.14505998,-8.61743,146.1999969482422,11.0
1411814378000,41.14499594,-8.61739468,146.5,11.0
1411814379000,41.14494261,-8.61737788,146.5,11.0
1411814380000,41.14489944,-8.61734844,145.5,11.0
1411814381000,41.14485168,-8.61732744,145.8000030517578,11.0
1411814383000,41.14481032,-8.6172137,146.8000030517578,10.0
1411814384000,41.14483292,-8.61709601,145.3000030517578,10.0
1411814385000,41.14484183,-8.61700715,145.8000030517578,10.0
1411814386000,41.14486316,-8.61692019,144.6999969482422,10.0
1411814387000,41.14487615,-8.61685869,144.6999969482422,11.0
1411814388000,41.14492191,-8.61679296,143.6999969482422,10.0
1411814389000,41.14496349,-8.61671828,142.10000610351563,10.0
1411814390000,41.14498649,-8.61665855,141.3000030517578,10.0
1411814392000,41.1450266,-8.6165661,140.10000610351563,10.0
1411814394000,41.14504908,-8.61650795,141.89999389648438,10.0
1411814396000,41.14508052,-8.61644686,142.0,10.0
1411814398000,41.1451205,-8.61638328,141.89999389648438,9.0
1411814400000,41.14516889,-8.61631237,139.3000030517578,9.0
1411814402000,41.14519034,-8.61625507,139.39999389648438,9.0
1411814405000,41.14522406,-8.61617811,141.5,9.0
1411814407000,41.14525557,-8.61609535,142.3000030517578,9.0
1411814409000,41.14529516,-8.61600126,141.6999969482422,9.0
1411814410000,41.14532926,-8.6159382,141.0,9.0
1411814411000,41.14535693,-8.61587996,141.3000030517578,9.0
1411814412000,41.14538597,-8.61583351,140.39999389648438,10.0
1411814413000,41.14540231,-8.61577168,141.39999389648438,10.0
1411814414000,41.14543535,-8.61570425,140.6999969482422,10.0
1411814415000,41.14548141,-8.61565035,140.3000030517578,11.0
1411814416000,41.14552082,-8.6156055,139.39999389648438,11.0
1411814417000,41.14553723,-8.61554194,139.10000610351563,12.0
1411814418000,41.14553234,-8.61545373,139.39999389648438,10.0
1411814420000,41.14555286,-8.61536915,140.5,10.0
1411814422000,41.14556907,-8.61527353,139.8000030517578,10.0
1411814424000,41.14560774,-8.61519708,137.5,10.0
1411814426000,41.14561962,-8.61508311,140.60000610351563,10.0
1411814427000,41.14564851,-8.61501419,142.1999969482422,10.0
1411814428000,41.14567735,-8.61493345,143.3000030517578,11.0
1411814429000,41.14569686,-8.61487696,141.6999969482422,11.0
1411814430000,41.14571057,-8.61480763,141.89999389648438,11.0
1411814431000,41.14575186,-8.61474546,142.1999969482422,11.0
1411814432000,41.14577555,-8.61467374,142.39999389648438,11.0
1411814433000,41.14581281,-8.61461755,141.89999389648438,11.0
1411814434000,41.14584183,-8.61456005,142.10000610351563,12.0
1411814435000,41.14587313,-8.61449689,142.10000610351563,12.0
1411814436000,41.14588409,-8.61442151,142.10000610351563,12.0
1411814437000,41.14591149,-8.61434381,142.10000610351563,13.0
1411814438000,41.1459373,-8.6142908,142.10000610351563,13.0
1411814439000,41.14597465,-8.61425027,142.10000610351563,13.0
1411814440000,41.14598938,-8.61418609,142.0,14.0
1411814441000,41.14600484,-8.61412417,141.89999389648438,15.0
1411814443000,41.14598492,-8.61405237,141.5,13.0
1411814444000,41.14591119,-8.61403903,141.10000610351563,12.0
1411814445000,41.14592178,-8.6139619,140.3000030517578,12.0
1411814447000,41.14590473,-8.6138453,140.0,12.0
1411814448000,41.14588366,-8.61378223,139.89999389648438,12.0
1411814450000,41.1458472,-8.61367818,139.1999969482422,11.0
1411814452000,41.14582943,-8.6136015,138.1999969482422,12.0
1411814454000,41.1458552,-8.61355212,138.60000610351563,11.0
1411814462000,41.14588716,-8.6136003,141.39999389648438,12.0
1411814466000,41.14594268,-8.61356368,140.60000610351563,13.0
1411814477000,41.14590363,-8.61352134,144.8000030517578,14.0
1411814481000,41.14588788,-8.61343421,144.60000610351563,13.0
1411814483000,41.1458865,-8.61332433,144.6999969482422,13.0
1411814484000,41.14588689,-8.61326227,144.1999969482422,13.0
1411814485000,41.14588675,-8.61320205,144.1999969482422,13.0
1411814486000,41.14588331,-8.61313597,144.1999969482422,13.0
1411814487000,41.14587475,-8.61307212,144.0,13.0
1411814488000,41.14586462,-8.61300349,143.89999389648438,13.0
1411814489000,41.14585139,-8.61292706,143.89999389648438,13.0
1411814490000,41.14582175,-8.61281428,143.89999389648438,14.0
1411814491000,41.14580888,-8.61274357,144.0,14.0
1411814493000,41.14577989,-8.61263294,144.10000610351563,15.0
1411814494000,41.14576568,-8.61257513,144.10000610351563,16.0
1411814499000,41.14582002,-8.61251133,143.10000610351563,20.0
1411814502000,41.14582591,-8.61257249,143.3000030517578,28.0
1411814504000,41.14576586,-8.61261597,143.10000610351563,30.0
1411814508000,41.14575961,-8.61268448,143.0,23.0
1411814520000,41.14571431,-8.61268697,141.89999389648438,17.0
1411814524000,41.14566701,-8.61270276,141.5,15.0
1411814532000,41.14567101,-8.61263656,140.10000610351563,13.0
1411814542000,41.14570098,-8.61258854,138.5,13.0
1411814553000,41.14574,-8.61250681,136.60000610351563,12.0
1411814554000,41.14576165,-8.61244648,135.89999389648438,12.0
1411814555000,41.14578404,-8.61236915,135.6999969482422,12.0
1411814556000,41.1458071,-8.61228261,136.8000030517578,12.0
1411814557000,41.14588193,-8.61212882,137.3000030517578,12.0
1411814558000,41.14588139,-8.61204058,137.8000030517578,13.0
1411814559000,41.14587933,-8.61196244,137.39999389648438,13.0
1411814560000,41.14588288,-8.61189293,137.39999389648438,13.0
1411814561000,41.14587404,-8.61182081,137.39999389648438,14.0
1411814562000,41.14581805,-8.61172078,137.89999389648438,14.0
1411814563000,41.14579036,-8.61162598,138.5,15.0
1411814564000,41.14579177,-8.61154888,138.8000030517578,17.0
1411814566000,41.14584416,-8.6114647,138.5,16.0
1411814568000,41.14591508,-8.61137658,138.8000030517578,15.0
1411814569000,41.14610184,-8.61137275,136.60000610351563,13.0
1411814570000,41.14616688,-8.61134514,136.39999389648438,13.0
1411814571000,41.14625257,-8.61130743,137.1999969482422,13.0
1411814572000,41.14634137,-8.61125926,138.6999969482422,14.0
1411814573000,41.14642575,-8.61122808,137.89999389648438,14.0
1411814574000,41.14650593,-8.61119889,138.1999969482422,14.0
1411814575000,41.1465798,-8.61118686,138.3000030517578,15.0
1411814576000,41.1467042,-8.61116588,138.5,13.0
1411814577000,41.146789,-8.61114735,138.5,13.0
1411814578000,41.14687756,-8.61112034,138.39999389648438,12.0
1411814579000,41.14697099,-8.61110441,138.60000610351563,12.0
1411814580000,41.14705365,-8.61108435,138.60000610351563,11.0
1411814582000,41.14716564,-8.61106233,138.6999969482422,11.0
1411814583000,41.14722153,-8.61103816,138.89999389648438,11.0
1411814574225,41.1462587,-8.6114659,0.0,42.106998443603516
1411814585000,41.14728711,-8.61102393,142.8000030517578,11.0
1411814586000,41.14734854,-8.61100706,143.10000610351563,11.0
1411814587000,41.14739743,-8.6109996,143.1999969482422,12.0
1411814589000,41.14746408,-8.61096401,143.60000610351563,12.0
1411814591000,41.14753439,-8.61091854,143.60000610351563,13.0
1411814594000,41.14758849,-8.6108744,143.5,13.0
1411814596000,41.14763206,-8.61083918,143.5,14.0
1411814598000,41.14767776,-8.61079427,143.3000030517578,18.0
1411814601000,41.14771749,-8.61074116,143.39999389648438,28.0
1411814593124,41.1462587,-8.6114659,0.0,42.106998443603516
1411814605000,41.14766314,-8.61073165,147.1999969482422,51.0
1411814608000,41.14760667,-8.61073002,147.39999389648438,74.0
1411814610000,41.14756122,-8.61071973,147.6999969482422,64.0
1411814613000,41.14752124,-8.61069037,147.60000610351563,76.0
1411814613779,41.1462345,-8.6114156,0.0,40.8380012512207
1411814625000,41.14750684,-8.61074763,151.8000030517578,44.0
1411814628000,41.14748637,-8.61081629,152.60000610351563,38.0
1411814631000,41.14747801,-8.61087939,153.1999969482422,34.0
1411814634000,41.14754007,-8.61093315,154.10000610351563,16.0
1411814635000,41.14788798,-8.61085498,153.89999389648438,15.0
1411814636000,41.14805748,-8.61080877,153.6999969482422,14.0
1411814637000,41.1482217,-8.61075573,153.6999969482422,13.0
1411814638000,41.14834326,-8.61073109,153.8000030517578,12.0
1411814639000,41.14842034,-8.61070812,153.8000030517578,12.0
1411814640000,41.14851479,-8.61066424,153.8000030517578,12.0
1411814641000,41.14863179,-8.61062789,153.60000610351563,12.0
1411814642000,41.14874653,-8.61058641,153.60000610351563,12.0
1411814633112,41.1488124,-8.6110163,0.0,53.9900016784668
1411814643000,41.14885501,-8.61055679,154.3000030517578,11.0
1411814644000,41.14896102,-8.61052352,153.8000030517578,11.0
1411814645000,41.14909804,-8.61049615,147.89999389648438,12.0
1411814646000,41.14919359,-8.61043059,148.1999969482422,11.0
1411814647000,41.14927696,-8.61038697,148.60000610351563,11.0
1411814648000,41.14935089,-8.61033942,148.60000610351563,11.0
1411814649000,41.14943364,-8.61028788,148.39999389648438,11.0
1411814650000,41.14950979,-8.61022554,149.0,12.0
1411814651000,41.14959137,-8.61017291,149.0,12.0
1411814652000,41.14965136,-8.61015708,150.6999969482422,13.0
1411814653000,41.1497291,-8.61009276,152.39999389648438,13.0
1411814654000,41.14982361,-8.61006108,152.5,13.0
1411814655000,41.14994748,-8.6100507,152.89999389648438,13.0
1411814656000,41.15003815,-8.6100268,153.8000030517578,13.0
1411814657000,41.15012122,-8.61007232,154.6999969482422,13.0
1411814658000,41.15018722,-8.61012143,153.89999389648438,14.0
1411814659000,41.15025162,-8.61013541,153.89999389648438,15.0
1411814660000,41.15030777,-8.61010319,154.5,15.0
1411814661000,41.15038305,-8.61010542,150.5,15.0
1411814663000,41.15042288,-8.61015245,146.39999389648438,14.0
1411814665000,41.15041612,-8.61022305,145.3000030517578,13.0
1411814675000,41.1505094,-8.61021114,146.39999389648438,11.0
1411814676000,41.15057086,-8.61019917,146.60000610351563,10.0
1411814677000,41.15065586,-8.6101847,147.1999969482422,11.0
1411814678000,41.15070915,-8.61015267,147.0,11.0
1411814679000,41.15075535,-8.61012169,147.39999389648438,11.0
1411814680000,41.15080802,-8.61007998,147.6999969482422,11.0
1411814681000,41.15087283,-8.61000593,145.60000610351563,11.0
1411814682000,41.15092973,-8.60995552,143.60000610351563,10.0
1411814683000,41.15098468,-8.60990788,143.0,11.0
1411814684000,41.15104434,-8.60986016,143.5,12.0
1411814685000,41.15110084,-8.60981667,143.6999969482422,12.0
1411814686000,41.15115871,-8.6097611,143.1999969482422,12.0
1411814687000,41.15121539,-8.60970972,143.1999969482422,12.0
1411814688000,41.15127516,-8.60965544,142.89999389648438,13.0
1411814689000,41.15133284,-8.60961954,142.89999389648438,13.0
1411814690000,41.15138421,-8.60957053,143.10000610351563,14.0
1411814694000,41.15147673,-8.60955397,145.8000030517578,10.0
1411814696000,41.15153305,-8.60950827,145.3000030517578,11.0
1411814697000,41.1515755,-8.60954993,146.5,10.0
1411814698000,41.151611,-8.60959062,145.89999389648438,10.0
1411814699000,41.15161782,-8.60966704,144.6999969482422,10.0
1411814700000,41.15166972,-8.60972064,144.5,10.0
1411814701000,41.15170767,-8.60975286,144.8000030517578,11.0
1411814703000,41.15178263,-8.60981381,144.8000030517578,11.0
1411814705000,41.15182837,-8.60983697,144.39999389648438,11.0
1411814718000,41.15188041,-8.60986452,147.6999969482422,14.0
1411814720000,41.15194315,-8.60993292,147.5,13.0
1411814722000,41.15200629,-8.61000005,148.89999389648438,12.0
1411814724000,41.15207356,-8.61005643,149.6999969482422,14.0
1411814726000,41.15219638,-8.61008002,148.5,13.0
1411814727000,41.1522398,-8.61005463,150.1999969482422,12.0
1411814728000,41.15228944,-8.61003669,151.5,12.0
1411814729000,41.15235439,-8.61003399,152.5,11.0
1411814730000,41.15241448,-8.61003657,152.60000610351563,11.0
1411814731000,41.15250057,-8.61001808,153.3000030517578,11.0
1411814732000,41.15257858,-8.61000495,154.3000030517578,11.0
1411814733000,41.15265479,-8.61000061,154.60000610351563,11.0
1411814734000,41.15272639,-8.60999034,155.10000610351563,11.0
1411814735000,41.15279045,-8.61000594,155.0,11.0
1411814736000,41.15288874,-8.61001432,154.8000030517578,10.0
1411814737000,41.15298125,-8.61002826,154.6999969482422,11.0
1411814738000,41.15306858,-8.61003021,155.60000610351563,11.0
1411814739000,41.15316323,-8.61003578,155.89999389648438,11.0
1411814740000,41.15325108,-8.61004156,156.0,11.0
1411814741000,41.15333628,-8.61005913,155.89999389648438,11.0
1411814742000,41.15343899,-8.61003636,156.39999389648438,11.0
1411814743000,41.15353697,-8.6100225,155.89999389648438,11.0
1411814744000,41.15362716,-8.61002099,156.1999969482422,11.0
1411814745000,41.15371488,-8.61003237,155.89999389648438,11.0
1411814746000,41.1538067,-8.61001545,156.6999969482422,11.0
1411814747000,41.15390317,-8.6100107,156.6999969482422,11.0
1411814748000,41.15398255,-8.61000272,157.39999389648438,11.0
1411814749000,41.15406887,-8.60999559,157.60000610351563,12.0
1411814750000,41.15415309,-8.60997235,158.5,12.0
1411814751000,41.15422589,-8.60988435,159.89999389648438,13.0
1411814752000,41.15429194,-8.6097577,162.39999389648438,14.0
1411814753000,41.1543775,-8.60963638,163.8000030517578,14.0
1411814754000,41.15446282,-8.6095652,163.89999389648438,16.0
1411814755000,41.15454916,-8.60949087,163.89999389648438,17.0
1411814756000,41.15461781,-8.60940954,164.3000030517578,18.0
1411814757000,41.15469618,-8.60934568,164.6999969482422,19.0
1411814758000,41.15475485,-8.60930515,165.5,15.0
1411814759000,41.15481902,-8.60927255,165.39999389648438,15.0
1411814760000,41.15489535,-8.60924738,165.39999389648438,15.0
1411814761000,41.15497161,-8.60922099,165.5,16.0
1411814762000,41.15504391,-8.60918435,165.60000610351563,17.0
1411814763000,41.15510307,-8.60919822,165.6999969482422,17.0
1411814764000,41.15516999,-8.60923145,165.89999389648438,16.0
1411814765000,41.1552593,-8.60928115,165.6999969482422,15.0
1411814766000,41.15534124,-8.60925879,165.39999389648438,13.0
1411814767000,41.15541638,-8.60927163,167.1999969482422,13.0
1411814768000,41.15549299,-8.60926352,167.0,13.0
1411814769000,41.15556988,-8.60926706,167.3000030517578,13.0
1411814770000,41.15563757,-8.60924777,167.0,14.0
1411814771000,41.1557177,-8.60925154,167.10000610351563,14.0
1411814772000,41.15579656,-8.60925848,167.10000610351563,15.0
1411814773000,41.1558767,-8.60924819,167.1999969482422,15.0
1411814775000,41.15602983,-8.60925644,167.10000610351563,14.0
1411814776000,41.15615498,-8.60926315,167.3000030517578,15.0
1411814777000,41.15622335,-8.60921895,168.6999969482422,14.0
1411814778000,41.15632161,-8.60921186,168.6999969482422,15.0
1411814779000,41.15639119,-8.60921867,168.89999389648438,15.0
1411814780000,41.15651038,-8.60918938,169.0,16.0
1411814781000,41.15659899,-8.60919373,168.89999389648438,16.0
1411814782000,41.15666422,-8.60920477,169.0,16.0
1411814783000,41.15672949,-8.60920808,169.0,16.0
1411814784000,41.15682925,-8.60925222,168.89999389648438,16.0
1411814786000,41.15694547,-8.60925801,169.1999969482422,17.0
1411814787000,41.15704458,-8.60921932,169.3000030517578,17.0
1411814788000,41.1571263,-8.60924087,169.5,16.0
1411814789000,41.15722899,-8.60928747,169.6999969482422,16.0
1411814790000,41.157266,-8.60918922,169.39999389648438,16.0
1411814791000,41.15733133,-8.60916723,169.60000610351563,17.0
1411814792000,41.15740528,-8.6091726,169.5,17.0
1411814793000,41.15746388,-8.60913293,169.5,15.0
1411814794000,41.15757139,-8.60917632,170.10000610351563,15.0
1411814795000,41.15766696,-8.60914903,170.1999969482422,16.0
1411814796000,41.15777181,-8.6090956,170.3000030517578,16.0
1411814797000,41.15782968,-8.60902507,170.1999969482422,15.0
1411814798000,41.15788116,-8.60897118,169.89999389648438,15.0
1411814799000,41.15799333,-8.60894353,169.6999969482422,14.0
1411814800000,41.15808913,-8.6088764,170.6999969482422,13.0
1411814801000,41.158187,-8.60880073,170.60000610351563,13.0
1411814802000,41.15829401,-8.60879683,170.89999389648438,14.0
1411814803000,41.15836898,-8.60871277,170.8000030517578,14.0
1411814804000,41.15845289,-8.60866289,171.0,14.0
1411814805000,41.15854428,-8.6086212,170.89999389648438,15.0
1411814806000,41.15863697,-8.60858736,170.8000030517578,14.0
1411814807000,41.15873177,-8.60858641,170.6999969482422,14.0
1411814808000,41.15881903,-8.60850924,170.8000030517578,15.0
1411814809000,41.15891073,-8.60847711,170.8000030517578,15.0
1411814810000,41.158996,-8.60845399,171.0,17.0
1411814811000,41.1590894,-8.60841883,170.89999389648438,18.0
1411814812000,41.15914719,-8.60839894,171.0,19.0
1411814813000,41.15920857,-8.60836555,171.0,17.0
1411814814000,41.15927971,-8.60831929,171.1999969482422,18.0
1411814815000,41.15936111,-8.60827394,171.10000610351563,21.0
1411814816000,41.15941298,-8.60825482,171.0,22.0
1411814817000,41.15949734,-8.60822913,171.10000610351563,24.0
1411814818000,41.15958811,-8.60817292,171.10000610351563,24.0
1411814819000,41.15969173,-8.60813053,171.10000610351563,23.0
1411814820000,41.15978392,-8.60809004,170.89999389648438,24.0
1411814821000,41.15986784,-8.60803968,171.1999969482422,25.0
1411814822000,41.15996103,-8.60801437,171.3000030517578,27.0
1411814823000,41.16007058,-8.60796019,171.39999389648438,25.0
1411814824000,41.16017113,-8.60790418,171.5,23.0
1411814825000,41.16032371,-8.60783718,172.1999969482422,21.0
1411814826000,41.16042901,-8.60779133,172.3000030517578,21.0
1411814827000,41.16053188,-8.6077538,172.3000030517578,21.0
1411814828000,41.16065232,-8.60767962,172.8000030517578,19.0
1411814829000,41.16077404,-8.60761688,173.0,18.0
1411814830000,41.16089751,-8.60755757,173.10000610351563,16.0
1411814831000,41.16096729,-8.6075172,172.8000030517578,15.0
1411814832000,41.16107863,-8.60746474,172.89999389648438,16.0
1411814833000,41.16118983,-8.60741212,172.89999389648438,17.0
1411814858000,41.16427938,-8.60632551,175.5,45.0
1411814859000,41.16439751,-8.60627422,176.6999969482422,40.0
1411814860000,41.16446333,-8.60625734,176.8000030517578,32.0
1411814861000,41.16429292,-8.60627157,176.6999969482422,23.0
1411814866000,41.16434635,-8.60627885,180.3000030517578,11.0
1411814867000,41.16438472,-8.60620931,181.6999969482422,10.0
1411814868000,41.1644331,-8.60624022,180.8000030517578,10.0
1411814869000,41.16447193,-8.60619751,183.10000610351563,10.0
1411814871000,41.16454792,-8.6061871,185.6999969482422,11.0
1411814872000,41.16459204,-8.60620548,186.39999389648438,13.0
1411814873000,41.16465069,-8.60623823,186.6999969482422,14.0
1411814874000,41.1646973,-8.60626794,187.10000610351563,15.0
1411814875000,41.16474413,-8.60625026,186.8000030517578,16.0
1411814876000,41.16479147,-8.60624885,187.0,17.0
1411814877000,41.16494181,-8.60631154,187.0,17.0
1411814878000,41.16506093,-8.6062502,191.1999969482422,14.0
1411814879000,41.1651122,-8.60631834,192.10000610351563,12.0
1411814880000,41.16520825,-8.6063138,191.10000610351563,12.0
1411814881000,41.16532611,-8.60631837,190.60000610351563,11.0
1411814882000,41.16543405,-8.60632992,191.5,9.0
1411814883000,41.16550447,-8.6063546,191.89999389648438,9.0
1411814884000,41.16571615,-8.60632924,191.39999389648438,8.0
1411814885000,41.16579945,-8.60635936,192.1999969482422,8.0
1411814886000,41.16590434,-8.60638949,192.5,9.0
1411814887000,41.1660222,-8.60644181,193.1999969482422,10.0
1411814888000,41.16613247,-8.60641886,192.39999389648438,7.0
1411814889000,41.16623352,-8.60644667,191.6999969482422,7.0
1411814890000,41.1663526,-8.60643907,190.3000030517578,8.0
1411814891000,41.16645209,-8.60646306,191.8000030517578,8.0
1411814892000,41.16656452,-8.60644784,191.1999969482422,8.0
1411814893000,41.16667645,-8.60644509,191.10000610351563,8.0
1411814894000,41.16684167,-8.60642742,191.39999389648438,9.0
1411814895000,41.16697123,-8.60642776,191.8000030517578,10.0
1411814896000,41.16708816,-8.60643023,191.8000030517578,11.0
1411814897000,41.16720739,-8.60643335,191.6999969482422,13.0
1411814898000,41.16733737,-8.60643109,191.89999389648438,14.0
1411814899000,41.1674541,-8.60643864,191.89999389648438,15.0
1411814900000,41.16762967,-8.60645264,192.6999969482422,16.0
1411814901000,41.16784566,-8.60636221,192.89999389648438,16.0
1411814902000,41.16789485,-8.60646299,193.60000610351563,13.0
1411814903000,41.16802117,-8.60649321,193.6999969482422,15.0
1411814904000,41.16814919,-8.60650499,193.8000030517578,17.0
1411814905000,41.168254,-8.60646883,194.39999389648438,15.0
1411814906000,41.16847258,-8.60642155,194.60000610351563,14.0
1411814907000,41.16861198,-8.60644111,193.5,13.0
1411814908000,41.16870691,-8.60640649,195.1999969482422,13.0
1411814909000,41.16885236,-8.6063978,195.8000030517578,13.0
1411814910000,41.16894852,-8.6063346,196.3000030517578,13.0
1411814911000,41.16909455,-8.60624035,195.3000030517578,11.0
1411814912000,41.1692189,-8.60616962,195.8000030517578,11.0
1411814913000,41.16932537,-8.60609696,196.6999969482422,11.0
1411814914000,41.1694636,-8.606006,196.89999389648438,11.0
1411814915000,41.16957099,-8.60589125,197.10000610351563,11.0
1411814916000,41.16965475,-8.60583456,196.0,11.0
1411814917000,41.16975427,-8.60575421,196.39999389648438,12.0
1411814918000,41.169858669999996,-8.60565675,195.6999969482422,12.0
1411814919000,41.1699379,-8.60556175,196.0,12.0
1411814920000,41.17005013,-8.6054829,196.1999969482422,13.0
1411814921000,41.17014029,-8.60544384,195.89999389648438,13.0
1411814922000,41.17021631,-8.60541277,195.1999969482422,12.0
1411814924000,41.17034012,-8.60533459,195.1999969482422,11.0
1411814925000,41.17041294,-8.60527534,194.89999389648438,10.0
1411814926000,41.17048362,-8.6052089,194.8000030517578,10.0
1411814927000,41.17055117,-8.60517234,194.89999389648438,10.0
1411814928000,41.1706034,-8.6051189,195.89999389648438,10.0
1411814929000,41.17067422,-8.60506396,195.6999969482422,10.0
1411814930000,41.17077215,-8.60499671,194.60000610351563,10.0
1411814931000,41.17086908,-8.60491415,194.6999969482422,10.0
1411814932000,41.17095712,-8.60483848,194.89999389648438,10.0
1411814933000,41.1710481,-8.60474516,193.8000030517578,10.0
1411814934000,41.1711603,-8.60463341,192.1999969482422,10.0
1411814935000,41.17126216,-8.60453597,191.3000030517578,10.0
1411814936000,41.17135772,-8.60443878,190.89999389648438,10.0
1411814937000,41.17148703,-8.60437261,189.5,9.0
1411814938000,41.17160992,-8.60427669,188.8000030517578,10.0
1411814939000,41.17171534,-8.6041996,188.5,9.0
1411814940000,41.17183277,-8.60413605,187.1999969482422,9.0
1411814941000,41.17194086,-8.60409258,187.3000030517578,9.0
1411814942000,41.17205517,-8.60406762,187.5,10.0
1411814943000,41.17218477,-8.60409837,186.0,10.0
1411814944000,41.17230061,-8.60414264,186.8000030517578,10.0
1411814945000,41.17240902,-8.6042039,186.89999389648438,10.0
1411814946000,41.17251533,-8.60429364,186.89999389648438,10.0
1411814947000,41.17261507,-8.60440902,185.3000030517578,10.0
1411814948000,41.17271404,-8.60450676,185.0,10.0
1411814949000,41.17279505,-8.60464513,183.8000030517578,10.0
1411814950000,41.1728697,-8.60479853,182.6999969482422,10.0
1411814951000,41.17291192,-8.60496017,181.60000610351563,10.0
1411814952000,41.1729587,-8.6051111,181.39999389648438,10.0
1411814953000,41.17300542,-8.60525077,182.0,10.0
1411814954000,41.17305244,-8.60538516,181.8000030517578,10.0
1411814955000,41.17310586,-8.60550623,181.39999389648438,11.0
1411814956000,41.17319547,-8.60553369,183.0,10.0
1411814957000,41.17325318,-8.60558067,182.1999969482422,10.0
1411814958000,41.17330925,-8.6056096,182.1999969482422,11.0
1411814961000,41.17335793,-8.6056249,181.39999389648438,10.0
1411815002000,41.17342037,-8.60562169,178.8000030517578,10.0
1411815003000,41.17347414,-8.60562382,177.6999969482422,10.0
1411815004000,41.17353143,-8.6055838,176.1999969482422,9.0
1411815005000,41.17357323,-8.60554823,175.5,10.0
1411815006000,41.17360875,-8.60549046,175.3000030517578,11.0
1411815007000,41.17358666,-8.60539698,174.6999969482422,11.0
1411815008000,41.17359097,-8.6053017,174.10000610351563,11.0
1411815009000,41.17360315,-8.60517807,173.8000030517578,11.0
1411815010000,41.17361098,-8.60506124,174.3000030517578,11.0
1411815011000,41.17362119,-8.60495533,173.8000030517578,12.0
1411815012000,41.17362527,-8.60483658,174.0,13.0
1411815013000,41.17359261,-8.60467159,173.5,12.0
1411815014000,41.17361775,-8.60450624,174.0,12.0
1411815015000,41.17359962,-8.60433372,175.39999389648438,11.0
1411815016000,41.17362359,-8.60415803,175.60000610351563,11.0
1411815017000,41.1736516,-8.60399833,175.6999969482422,10.0
1411815018000,41.17363315,-8.60382202,175.8000030517578,10.0
1411815019000,41.17363962,-8.60365046,176.3000030517578,10.0
1411815020000,41.17365269,-8.60352018,175.1999969482422,11.0
1411815021000,41.17364817,-8.60337091,175.0,10.0
1411815022000,41.17365215,-8.60319277,173.0,10.0
1411815023000,41.17365343,-8.60302507,173.39999389648438,10.0
1411815024000,41.17364876,-8.60285149,174.1999969482422,10.0
1411815025000,41.17364088,-8.60266766,173.60000610351563,10.0
1411815026000,41.17366057,-8.6024958,173.8000030517578,10.0
1411815027000,41.17367086,-8.60232022,172.8000030517578,11.0
1411815028000,41.17368814,-8.60213626,174.10000610351563,11.0
1411815029000,41.1737218,-8.60196609,173.10000610351563,11.0
1411815030000,41.17373002,-8.60181146,172.8000030517578,10.0
1411815031000,41.17373363,-8.60165645,171.8000030517578,11.0
1411815032000,41.17375576,-8.6014805,172.0,11.0
1411815033000,41.17375244,-8.60136221,172.60000610351563,10.0
1411815034000,41.17376158,-8.60122526,172.10000610351563,10.0
1411815035000,41.17377793,-8.60108346,172.60000610351563,10.0
1411815036000,41.17380329,-8.60095635,174.8000030517578,10.0
1411815037000,41.17384652,-8.60084161,176.89999389648438,10.0
1411815038000,41.17390742,-8.60072328,177.39999389648438,10.0
1411815039000,41.17396795,-8.60061465,177.0,10.0
1411815040000,41.17403422,-8.60051208,177.3000030517578,11.0
1411815041000,41.17410245,-8.60040761,177.1999969482422,12.0
1411815042000,41.1741746,-8.60031549,177.3000030517578,12.0
1411815043000,41.17421723,-8.60023965,177.60000610351563,13.0
1411815044000,41.17424571,-8.60016286,177.8000030517578,12.0
1411815045000,41.17429167,-8.60007491,177.89999389648438,13.0
1411815047000,41.17437506,-8.60004094,177.89999389648438,12.0
1411815049000,41.17443467,-8.59997737,178.10000610351563,11.0
1411815051000,41.17450792,-8.59988413,177.8000030517578,11.0
1411815053000,41.17456925,-8.59979239,178.10000610351563,11.0
1411815054000,41.17461414,-8.59976536,178.3000030517578,11.0
1411815055000,41.17466149,-8.59974291,178.10000610351563,11.0
1411815056000,41.17470713,-8.59978623,178.1999969482422,11.0
1411815057000,41.17475985,-8.59980741,178.3000030517578,12.0
1411815058000,41.17491439,-8.59989757,178.3000030517578,10.0
1411815059000,41.17499552,-8.59995721,179.89999389648438,10.0
1411815060000,41.1750907,-8.60001491,180.0,10.0
1411815061000,41.17518238,-8.6000473,181.0,10.0
1411815062000,41.17528349,-8.60008687,180.8000030517578,10.0
1411815063000,41.17539149,-8.60012062,179.6999969482422,10.0
1411815064000,41.17549698,-8.60014856,179.39999389648438,11.0
1411815065000,41.17560522,-8.60018538,177.8000030517578,11.0
1411815066000,41.17573187,-8.60018687,176.3000030517578,11.0
1411815067000,41.17583644,-8.60017631,175.60000610351563,11.0
1411815068000,41.17594372,-8.60015276,175.39999389648438,10.0
1411815069000,41.17606796,-8.60013341,175.10000610351563,10.0
1411815070000,41.17616343,-8.6001116,175.10000610351563,10.0
1411815071000,41.17626112,-8.6000738,174.8000030517578,10.0
1411815072000,41.17634255,-8.60003423,174.10000610351563,10.0
1411815073000,41.17643488,-8.59999924,173.5,11.0
1411815074000,41.17653953,-8.59993834,173.1999969482422,10.0
1411815075000,41.17664108,-8.59988696,171.8000030517578,10.0
1411815076000,41.17671978,-8.59983822,172.3000030517578,10.0
1411815077000,41.17681544,-8.59979658,171.0,11.0
1411815078000,41.17690777,-8.59975303,170.3000030517578,10.0
1411815079000,41.17699294,-8.59970901,170.39999389648438,10.0
1411815080000,41.17708744,-8.59965863,170.10000610351563,10.0
1411815081000,41.17719039,-8.59960361,170.8000030517578,10.0
1411815082000,41.1772784,-8.5995617,170.8000030517578,10.0
1411815083000,41.1773539,-8.59951596,170.60000610351563,10.0
1411815084000,41.17740553,-8.59949844,169.89999389648438,10.0
1411815085000,41.17745211,-8.59947054,170.39999389648438,10.0
1411815088000,41.17749761,-8.59944213,170.39999389648438,10.0
1411815091000,41.17755713,-8.59941336,171.0,10.0
1411815093000,41.17763894,-8.59936202,171.5,10.0
1411815095000,41.17773375,-8.59930522,172.0,10.0
1411815096000,41.17777752,-8.59927095,173.5,10.0
1411815098000,41.17784448,-8.5992233,173.6999969482422,10.0
1411815100000,41.17786542,-8.5991338,172.10000610351563,11.0
1411815101000,41.17782665,-8.59903871,174.60000610351563,10.0
1411815102000,41.17780959,-8.59895648,175.3000030517578,11.0
1411815103000,41.1777732,-8.59888436,175.5,10.0
1411815104000,41.17775482,-8.59880761,173.60000610351563,10.0
1411815105000,41.17773319,-8.5987286,173.8000030517578,10.0
1411815106000,41.17771122,-8.59864724,173.60000610351563,9.0
1411815107000,41.177692,-8.59857893,173.8000030517578,10.0
1411815109000,41.17775174,-8.59850899,173.60000610351563,9.0
1411815110000,41.17779919,-8.59847546,174.89999389648438,9.0
1411815111000,41.17784339,-8.59844942,175.6999969482422,10.0
1411815112000,41.17790894,-8.59842668,176.0,10.0
1411815113000,41.17797848,-8.59838194,177.6999969482422,10.0
1411815114000,41.17805247,-8.59834945,178.10000610351563,10.0
1411815115000,41.17813238,-8.59831333,177.8000030517578,10.0
1411815116000,41.17821628,-8.59826963,177.89999389648438,10.0
1411815117000,41.17830378,-8.59823989,177.0,10.0
1411815118000,41.17838884,-8.5982034,176.39999389648438,11.0
1411815119000,41.17848016,-8.59815656,176.39999389648438,11.0
1411815120000,41.17852249,-8.59811876,175.8000030517578,11.0
1411815121000,41.17858227,-8.59808517,175.60000610351563,10.0
1411815122000,41.17862964,-8.59803521,175.5,10.0
1411815123000,41.17865395,-8.59795521,175.3000030517578,10.0
1411815124000,41.17865222,-8.59786433,175.60000610351563,10.0
1411815125000,41.17864275,-8.59777058,175.39999389648438,10.0
1411815126000,41.17863139,-8.5976853,175.8000030517578,10.0
1411815127000,41.17862674,-8.59761059,176.0,10.0
1411815128000,41.17862278,-8.59753402,176.0,10.0
1411815130000,41.17860752,-8.59742535,176.10000610351563,11.0
1411815132000,41.17859261,-8.59733516,176.6999969482422,11.0
1411815134000,41.17858897,-8.59721543,177.5,11.0
1411815135000,41.17859191,-8.5971556,177.1999969482422,11.0
1411815136000,41.17858443,-8.5970908,177.3000030517578,11.0
1411815137000,41.17858949,-8.59702472,177.10000610351563,11.0
1411815138000,41.17858593,-8.5969532,176.6999969482422,11.0
1411815139000,41.17859234,-8.596877,176.60000610351563,11.0
1411815140000,41.17858524,-8.59680079,176.8000030517578,11.0
1411815141000,41.17857229,-8.59672705,177.1999969482422,11.0
1411815142000,41.17856659,-8.59665017,177.0,10.0
1411815143000,41.1785636,-8.59655535,177.1999969482422,10.0
1411815134098,41.1783654,-8.5970701,0.0,106.16799926757813
1411815144000,41.17855653,-8.59646487,179.0,10.0
1411815145000,41.17856847,-8.59639842,178.1999969482422,10.0
1411815146000,41.17855366,-8.59633242,179.0,9.0
1411815147000,41.17854234,-8.59625996,178.89999389648438,10.0
1411815148000,41.17853505,-8.5961879,179.60000610351563,10.0
1411815149000,41.17853298,-8.59611925,179.60000610351563,11.0
1411815151000,41.17852283,-8.59604877,180.6999969482422,11.0
1411815152000,41.17852682,-8.59598855,180.5,11.0
1411815154000,41.17853016,-8.59588639,179.6999969482422,11.0
1411815155000,41.17853609,-8.59580182,179.5,11.0
1411815157000,41.17858279,-8.59573792,180.5,12.0
1411815159000,41.17864205,-8.59566848,179.8000030517578,12.0
1411815162000,41.17862568,-8.59560499,180.39999389648438,11.0
1411815154972,41.1783402,-8.5968911,0.0,127.04199981689453
