1411812122840,41.1781183,-8.5980907,0.0,73.06700134277344
1411812129960,41.17798284,-8.59873643,293.70001220703125,26.0
1411812131000,41.17802901,-8.59854454,262.29998779296875,11.0
1411812136000,41.1780471,-8.59848428,251.3000030517578,5.0
1411812142819,41.1779275,-8.5982427,0.0,40.5
1411812162388,41.1779233,-8.5982307,0.0,43.5
1411812182480,41.1779653,-8.5983444,0.0,42.0
1411812202457,41.1779223,-8.5982397,0.0,45.0
1411812222464,41.1779079,-8.5981869,0.0,45.0
1411812242461,41.1779295,-8.5982557,0.0,49.5
1411812262465,41.1779347,-8.5982545,0.0,45.0
1411812282479,41.1779068,-8.5982057,0.0,43.5
1411812302616,41.1779669,-8.5983556,0.0,42.0
1411812322529,41.1779249,-8.5982388,0.0,40.5
1411812342523,41.1779223,-8.5982397,0.0,45.0
1411812362502,41.177922,-8.5982373,0.0,45.0
1411812382530,41.1779057,-8.5981945,0.0,40.5
1411812402547,41.1779406,-8.5982751,0.0,40.5
1411812422547,41.17796,-8.5983381,0.0,42.0
1411812440000,41.178002,-8.59845647,247.6999969482422,6.0
1411812442000,41.17795238,-8.59847918,246.6999969482422,9.0
1411812442616,41.1778581,-8.598073,0.0,43.5
1411812444000,41.17790524,-8.59849257,245.10000610351563,10.0
1411812447000,41.17784747,-8.59847855,239.39999389648438,12.0
1411812449000,41.17780279,-8.59849353,237.8000030517578,13.0
1411812451000,41.17775579,-8.59851504,229.6999969482422,9.0
1411812454000,41.17769571,-8.59853626,218.3000030517578,6.0
1411812456000,41.17767856,-8.5985929,217.1999969482422,6.0
1411812458000,41.17778066,-8.59873097,212.5,5.0
1411812459000,41.17780919,-8.59879226,209.39999389648438,5.0
1411812460000,41.17783811,-8.59887114,208.1999969482422,5.0
1411812461000,41.17785955,-8.59893493,206.6999969482422,5.0
1411812462000,41.17786193,-8.59900294,205.5,6.0
1411812464000,41.17790131,-8.59909631,203.39999389648438,5.0
1411812466000,41.17788992,-8.59920111,202.10000610351563,4.0
1411812468000,41.17780775,-8.59926404,201.89999389648438,4.0
1411812469000,41.17775811,-8.59929348,201.5,5.0
1411812470000,41.17769454,-8.59931723,200.89999389648438,5.0
1411812471000,41.17763307,-8.59935873,200.1999969482422,6.0
1411812472000,41.17757881,-8.59940452,199.5,7.0
1411812473000,41.1775095,-8.59946004,198.89999389648438,7.0
1411812474000,41.17743264,-8.59949111,198.39999389648438,7.0
1411812475000,41.17733997,-8.59954636,198.0,5.0
1411812476000,41.17725756,-8.59959187,196.3000030517578,4.0
1411812477000,41.17717845,-8.59962862,196.60000610351563,5.0
1411812478000,41.17707639,-8.5996808,195.89999389648438,4.0
1411812479000,41.17699267,-8.5997173,195.1999969482422,5.0
1411812480000,41.17690777,-8.59978612,194.10000610351563,10.0
1411812481000,41.17680808,-8.59982953,194.0,11.0
1411812482000,41.17671169,-8.59988402,193.60000610351563,11.0
1411812483000,41.17662011,-8.59992615,193.1999969482422,11.0
1411812484000,41.17652537,-8.59998173,190.8000030517578,10.0
1411812485000,41.17642898,-8.60003766,190.3000030517578,11.0
1411812486000,41.17632045,-8.60010522,189.89999389648438,11.0
1411812487000,41.17620672,-8.60014618,189.8000030517578,11.0
1411812488000,41.17611624,-8.60020195,188.60000610351563,11.0
1411812489000,41.17599052,-8.60024854,187.60000610351563,12.0
1411812490000,41.17588952,-8.60029698,187.3000030517578,12.0
1411812491000,41.1757766,-8.60029408,186.39999389648438,12.0
1411812492000,41.17570176,-8.60027842,185.3000030517578,12.0
1411812493000,41.17560969,-8.60021597,183.89999389648438,10.0
1411812494000,41.17552405,-8.60019354,184.0,10.0
1411812495000,41.17543086,-8.60017564,183.10000610351563,11.0
1411812496000,41.17534888,-8.60015799,184.0,10.0
1411812497000,41.1752835,-8.60013565,182.6999969482422,10.0
1411812499000,41.17520026,-8.60010216,181.6999969482422,10.0
1411812501000,41.17513163,-8.60006116,181.10000610351563,10.0
1411812503000,41.17507677,-8.60003617,179.39999389648438,11.0
1411812511000,41.17503812,-8.60000023,174.3000030517578,11.0
1411812535000,41.17497605,-8.59993689,173.89999389648438,10.0
1411812537000,41.17488159,-8.59987335,175.0,10.0
1411812538000,41.17478895,-8.59982476,175.5,11.0
1411812539000,41.17474654,-8.59979123,175.10000610351563,11.0
1411812540000,41.17467796,-8.59973275,175.39999389648438,12.0
1411812541000,41.17461772,-8.59969517,175.39999389648438,12.0
1411812542000,41.17452709,-8.59965964,174.5,13.0
1411812543000,41.17439655,-8.59959086,174.3000030517578,10.0
1411812544000,41.17430107,-8.59953627,174.0,10.0
1411812545000,41.17421087,-8.59946537,173.89999389648438,10.0
1411812546000,41.17412657,-8.59940981,174.0,11.0
1411812547000,41.17403126,-8.59941052,174.6999969482422,11.0
1411812548000,41.17393398,-8.59933156,175.5,11.0
1411812549000,41.17384036,-8.59925928,175.8000030517578,11.0
1411812550000,41.1737451,-8.59919504,175.5,11.0
1411812551000,41.17364685,-8.59912187,175.3000030517578,11.0
1411812552000,41.17354707,-8.59907567,174.3000030517578,12.0
1411812553000,41.17343552,-8.59901305,174.10000610351563,11.0
1411812554000,41.17332512,-8.59896041,174.0,11.0
1411812555000,41.17320137,-8.59888409,173.89999389648438,11.0
1411812556000,41.17308778,-8.59883804,174.39999389648438,11.0
1411812557000,41.17298979,-8.59875957,175.1999969482422,10.0
1411812558000,41.17287479,-8.59871103,175.60000610351563,11.0
1411812559000,41.17278198,-8.59862837,176.10000610351563,11.0
1411812560000,41.17267557,-8.59857976,175.60000610351563,11.0
1411812561000,41.17258074,-8.5985466,175.6999969482422,11.0
1411812562000,41.17246997,-8.5984961,175.5,11.0
1411812563000,41.17237571,-8.59841088,175.1999969482422,11.0
1411812564000,41.17228602,-8.59836901,174.8000030517578,11.0
1411812565000,41.17216778,-8.59830513,175.1999969482422,10.0
1411812566000,41.17207514,-8.598247689999999,175.3000030517578,11.0
1411812567000,41.17196745,-8.59817291,175.39999389648438,11.0
1411812568000,41.17186948,-8.59811582,175.3000030517578,12.0
1411812569000,41.17175717,-8.59801969,175.6999969482422,12.0
1411812570000,41.17165058,-8.59794587,176.0,12.0
1411812571000,41.17154198,-8.59785855,176.3000030517578,12.0
1411812572000,41.17144696,-8.5977775,176.60000610351563,12.0
1411812573000,41.17132916,-8.5977351,177.39999389648438,12.0
1411812574000,41.17123022,-8.59766629,177.60000610351563,12.0
1411812575000,41.17111719,-8.59762599,177.8000030517578,12.0
1411812576000,41.1709994,-8.59755911,178.0,13.0
1411812577000,41.17092849,-8.59756926,177.8000030517578,14.0
1411812578000,41.17082537,-8.59756583,177.8000030517578,14.0
1411812579000,41.17074022,-8.59754898,177.89999389648438,14.0
1411812580000,41.17064269,-8.59760401,179.0,14.0
1411812581000,41.17063204,-8.59753041,179.6999969482422,11.0
1411812582000,41.17055563,-8.59749781,180.0,11.0
1411812583000,41.17044473,-8.59749938,182.10000610351563,11.0
1411812584000,41.17036839,-8.59744719,182.5,11.0
1411812585000,41.17028585,-8.59740084,183.3000030517578,11.0
1411812586000,41.17020279,-8.59736901,183.39999389648438,10.0
1411812587000,41.17015888,-8.59733334,183.5,10.0
1411812588000,41.17010709,-8.59731247,183.60000610351563,10.0
1411812589000,41.1700321,-8.59730005,183.5,11.0
1411812591000,41.16997469,-8.59728434,183.6999969482422,11.0
1411812593000,41.16990266,-8.59728519,183.3000030517578,12.0
1411812595000,41.16994876,-8.59728882,183.5,10.0
1411812605000,41.16988726,-8.59727483,183.39999389648438,10.0
1411812606000,41.16983636,-8.59727061,183.1999969482422,10.0
1411812607000,41.16977757,-8.59726856,183.3000030517578,11.0
1411812608000,41.16972067,-8.59727928,183.1999969482422,11.0
1411812609000,41.16965959,-8.59729441,183.3000030517578,11.0
1411812612000,41.16958669,-8.59731022,181.89999389648438,10.0
1411812615000,41.16953006,-8.59733699,182.8000030517578,10.0
1411812627000,41.16949313,-8.59737387,187.89999389648438,10.0
1411812890000,41.1694602,-8.59733083,199.10000610351563,12.0
1411812953000,41.16947507,-8.59726793,207.1999969482422,10.0
1411813046000,41.16941257,-8.59727912,205.60000610351563,11.0
1411813047000,41.16934969,-8.59730945,203.89999389648438,11.0
1411813048000,41.16925157,-8.59737162,203.1999969482422,11.0
1411813049000,41.16918474,-8.59737706,203.3000030517578,11.0
1411813051000,41.16910518,-8.59738481,201.1999969482422,11.0
1411813052000,41.16904169,-8.59739832,201.0,11.0
1411813053000,41.16899117,-8.59742474,201.5,11.0
1411813054000,41.1689481,-8.5974542,201.3000030517578,11.0
1411813055000,41.16887868,-8.59746698,201.5,12.0
1411813056000,41.16883477,-8.59749486,201.10000610351563,12.0
1411813057000,41.16875536,-8.59750075,201.3000030517578,13.0
1411813058000,41.16866339,-8.59749297,201.3000030517578,13.0
1411813059000,41.16858992,-8.59749834,201.3000030517578,14.0
1411813060000,41.16851862,-8.59750436,201.1999969482422,16.0
1411813061000,41.16841513,-8.59752041,201.89999389648438,15.0
1411813062000,41.16826705,-8.5976248,201.10000610351563,15.0
1411813063000,41.1681801,-8.59771223,200.0,13.0
1411813064000,41.16807441,-8.59778079,200.1999969482422,14.0
1411813065000,41.16801606,-8.59775694,202.10000610351563,13.0
1411813066000,41.16794921,-8.59778579,202.10000610351563,13.0
1411813068000,41.16781425,-8.59785249,202.1999969482422,13.0
1411813069000,41.16774947,-8.59787146,202.60000610351563,12.0
1411813070000,41.16768764,-8.59790092,203.5,12.0
1411813071000,41.16762022,-8.59797199,202.89999389648438,12.0
1411813072000,41.16755406,-8.59802276,202.10000610351563,12.0
1411813073000,41.16748361,-8.5980537,202.3000030517578,12.0
1411813074000,41.1674162,-8.59808216,202.39999389648438,12.0
1411813075000,41.16736435,-8.59811009,202.39999389648438,13.0
1411813076000,41.16730049,-8.59814328,202.8000030517578,14.0
1411813077000,41.16724221,-8.59817718,202.8000030517578,14.0
1411813078000,41.16718528,-8.59821202,202.8000030517578,15.0
1411813079000,41.16714036,-8.59823795,202.8000030517578,16.0
1411813081000,41.16708741,-8.59827303,202.5,17.0
1411813083000,41.16703802,-8.59830728,202.3000030517578,20.0
1411813085000,41.16698897,-8.598371,202.1999969482422,23.0
1411813087000,41.16701959,-8.5984339,202.10000610351563,15.0
1411813089000,41.16694771,-8.59841274,201.1999969482422,15.0
1411813090000,41.16692054,-8.59834482,202.1999969482422,14.0
1411813098000,41.16693287,-8.59828392,205.8000030517578,12.0
1411813100000,41.16691926,-8.59816912,205.89999389648438,12.0
1411813101000,41.16691053,-8.59810432,205.89999389648438,12.0
1411813102000,41.16689656,-8.59803326,205.60000610351563,12.0
1411813103000,41.16689693,-8.59789547,205.6999969482422,12.0
1411813104000,41.16688858,-8.59781094,205.8000030517578,13.0
1411813105000,41.1669099,-8.59772931,205.89999389648438,13.0
1411813107000,41.16688211,-8.59764479,206.10000610351563,14.0
1411813109000,41.16681917,-8.59759707,204.89999389648438,12.0
1411813111000,41.16672684,-8.59762468,204.89999389648438,12.0
1411813112000,41.16664723,-8.59763732,204.3000030517578,12.0
1411813113000,41.16658623,-8.59764547,203.89999389648438,12.0
1411813114000,41.16653733,-8.59764396,203.8000030517578,12.0
1411813115000,41.16649197,-8.59764181,204.10000610351563,12.0
1411813116000,41.16639858,-8.59764715,203.5,13.0
1411813118000,41.16630767,-8.59765272,203.60000610351563,14.0
1411813119000,41.16625984,-8.59765834,203.5,15.0
1411813121000,41.16618935,-8.597676,203.5,17.0
1411813123000,41.16616314,-8.5975954,203.60000610351563,15.0
1411813125000,41.16614394,-8.59754043,203.6999969482422,15.0
1411813129000,41.16616833,-8.59747058,203.6999969482422,22.0
1411813132000,41.16614715,-8.59738878,203.6999969482422,34.0
1411813135000,41.16609794,-8.59746012,203.60000610351563,31.0
1411813136000,41.1660552,-8.59780354,203.10000610351563,27.0
1411813138000,41.16602534,-8.59786613,202.89999389648438,28.0
1411813141000,41.16599847,-8.59791782,203.0,28.0
1411813152000,41.16597448,-8.59786244,203.39999389648438,43.0
1411813166000,41.1659416,-8.59790927,204.39999389648438,26.0
1411813169000,41.16587819,-8.59788745,205.1999969482422,32.0
1411813173000,41.1658219,-8.59789759,203.39999389648438,25.0
1411813176000,41.16576505,-8.59787098,203.8000030517578,22.0
1411813180000,41.16570932,-8.5978731,204.60000610351563,27.0
1411813186000,41.16565234,-8.59789341,204.5,33.0
1411813189000,41.16560296,-8.59787775,204.6999969482422,45.0
1411813191000,41.16555991,-8.5978541,204.60000610351563,45.0
1411813198000,41.16553914,-8.59778661,205.0,26.0
1411813202000,41.1654954,-8.59776276,205.6999969482422,38.0
1411813205000,41.16526905,-8.59769964,206.0,37.0
1411813208000,41.16522317,-8.59771531,205.5,34.0
1411813211000,41.16548427,-8.59796646,205.10000610351563,28.0
1411813213000,41.16553257,-8.59803024,204.60000610351563,22.0
1411813215000,41.16558435,-8.59837063,203.8000030517578,16.0
1411813216000,41.16556616,-8.59843777,203.8000030517578,15.0
1411813217000,41.16551669,-8.59845553,202.60000610351563,14.0
1411813218000,41.16546943,-8.59844527,203.0,13.0
1411813222000,41.16542536,-8.5983926,204.10000610351563,12.0
1411813224000,41.16538745,-8.59831364,204.3000030517578,12.0
1411813226000,41.16534085,-8.59822515,204.1999969482422,13.0
1411813227000,41.16533089,-8.59816164,205.3000030517578,13.0
1411813228000,41.16530809,-8.5980918,205.3000030517578,13.0
1411813229000,41.16529363,-8.59792192,203.6999969482422,13.0
1411813230000,41.16528663,-8.59784449,203.60000610351563,13.0
1411813232000,41.16525933,-8.59772195,203.8000030517578,14.0
1411813233000,41.16524771,-8.59764727,203.60000610351563,14.0
1411813234000,41.16524739,-8.59757477,203.0,15.0
1411813235000,41.16523924,-8.59748993,202.5,16.0
1411813236000,41.16523889,-8.59740537,202.10000610351563,16.0
1411813237000,41.16520345,-8.59734103,203.39999389648438,17.0
1411813238000,41.16517951,-8.59728142,203.5,17.0
1411813239000,41.16517234,-8.59721646,203.39999389648438,17.0
1411813240000,41.16515325,-8.59714293,203.5,18.0
1411813241000,41.16513801,-8.59707785,203.39999389648438,19.0
1411813242000,41.16513605,-8.59687196,203.5,14.0
1411813243000,41.16512116,-8.59675424,203.39999389648438,14.0
1411813244000,41.16511976,-8.59665575,203.39999389648438,14.0
1411813245000,41.16511978,-8.59657003,203.60000610351563,14.0
1411813246000,41.16510402,-8.59646704,203.6999969482422,13.0
1411813247000,41.16508819,-8.59637111,203.8000030517578,14.0
1411813248000,41.16505827,-8.59627824,204.1999969482422,14.0
1411813249000,41.16504161,-8.59615444,204.3000030517578,14.0
1411813250000,41.16501927,-8.59604769,204.1999969482422,14.0
1411813251000,41.16500627,-8.59592343,204.0,15.0
1411813252000,41.16498165,-8.59580739,204.1999969482422,16.0
1411813253000,41.1649582,-8.59569665,204.3000030517578,18.0
1411813254000,41.16494793,-8.59558099,204.1999969482422,18.0
1411813255000,41.16493747,-8.59545704,204.1999969482422,19.0
1411813256000,41.16493478,-8.59534727,204.10000610351563,20.0
1411813257000,41.1649262,-8.59524152,204.0,21.0
1411813258000,41.16491647,-8.59514644,204.0,21.0
1411813259000,41.1649074,-8.59504154,204.0,22.0
1411813260000,41.16490203,-8.59496746,203.89999389648438,24.0
1411813261000,41.16489001,-8.59487192,203.8000030517578,29.0
1411813262000,41.16485966,-8.59478682,203.6999969482422,36.0
1411813263000,41.16482566,-8.59470605,203.6999969482422,44.0
1411813267000,41.16481091,-8.5946109,203.8000030517578,44.0
1411813270000,41.16481597,-8.59451419,203.60000610351563,26.0
1411813272000,41.16480273,-8.59437527,203.60000610351563,21.0
1411813273000,41.16479083,-8.59429503,203.89999389648438,20.0
1411813275000,41.16480033,-8.59417593,204.3000030517578,17.0
1411813276000,41.16479412,-8.59408901,204.39999389648438,15.0
1411813277000,41.1647832,-8.59399887,205.0,14.0
1411813278000,41.16476616,-8.59391253,204.60000610351563,15.0
1411813279000,41.16476742,-8.59382834,204.5,15.0
1411813281000,41.16473901,-8.59370795,204.6999969482422,13.0
1411813282000,41.16474186,-8.59364804,204.60000610351563,14.0
1411813283000,41.16471777,-8.59356051,204.60000610351563,14.0
1411813284000,41.16471175,-8.59348399,204.5,15.0
1411813285000,41.16470705,-8.59340557,204.39999389648438,15.0
1411813287000,41.1648306,-8.59359555,204.60000610351563,13.0
1411813288000,41.16485533,-8.59369604,204.1999969482422,13.0
1411813289000,41.16488599,-8.59378843,206.0,12.0
1411813291000,41.16489641,-8.59388406,206.89999389648438,12.0
1411813292000,41.16489837,-8.59396169,207.39999389648438,12.0
1411813294000,41.16492464,-8.59407368,213.1999969482422,12.0
1411813295000,41.1649291,-8.59421911,213.0,12.0
1411813296000,41.16492493,-8.59430827,211.6999969482422,11.0
1411813297000,41.16493531,-8.59442365,209.39999389648438,12.0
1411813298000,41.16497607,-8.59451799,208.6999969482422,11.0
1411813299000,41.16499822,-8.59462564,209.60000610351563,11.0
1411813300000,41.16501361,-8.59470247,210.39999389648438,11.0
1411813301000,41.1650279,-8.59480754,212.3000030517578,11.0
1411813302000,41.16504632,-8.59493901,212.0,12.0
1411813303000,41.16506609,-8.5950438,211.89999389648438,12.0
1411813304000,41.16505228,-8.59514278,213.10000610351563,12.0
1411813305000,41.16504657,-8.5952208,214.6999969482422,12.0
1411813306000,41.16504713,-8.59532967,214.6999969482422,12.0
1411813307000,41.16505488,-8.59541194,214.5,12.0
1411813308000,41.16509224,-8.59547298,214.10000610351563,12.0
1411813309000,41.16510895,-8.59555445,214.10000610351563,13.0
1411813310000,41.16512352,-8.59563535,214.10000610351563,13.0
1411813311000,41.1651396,-8.59572461,214.0,14.0
1411813316000,41.16511284,-8.59581271,214.10000610351563,15.0
1411813317000,41.1649901,-8.59578815,213.89999389648438,15.0
1411813319000,41.16498923,-8.5957171,214.89999389648438,14.0
1411813321000,41.16499068,-8.59555043,214.60000610351563,14.0
1411813322000,41.16498279,-8.59545759,214.3000030517578,14.0
1411813323000,41.16497111,-8.59537048,214.60000610351563,14.0
1411813324000,41.16496083,-8.5952884,214.1999969482422,14.0
1411813325000,41.16495253,-8.59520141,214.39999389648438,14.0
1411813326000,41.16494864,-8.59508432,214.89999389648438,14.0
1411813327000,41.16494591,-8.59498401,214.60000610351563,14.0
1411813328000,41.16492536,-8.59487502,214.1999969482422,13.0
1411813329000,41.16491708,-8.59476139,214.89999389648438,13.0
1411813330000,41.16488817,-8.59468343,215.0,13.0
1411813331000,41.16487795,-8.59458779,214.89999389648438,13.0
1411813332000,41.16488035,-8.59447558,214.39999389648438,13.0
1411813333000,41.16486153,-8.59435361,214.60000610351563,13.0
1411813334000,41.16481329,-8.59424048,213.60000610351563,12.0
1411813335000,41.16479516,-8.59412472,213.39999389648438,12.0
1411813336000,41.1647895,-8.59401895,213.39999389648438,12.0
1411813337000,41.16476482,-8.59391205,213.0,12.0
1411813338000,41.16475137,-8.59380709,213.39999389648438,13.0
1411813339000,41.16473555,-8.59369443,214.0,13.0
1411813340000,41.16472225,-8.5935848,213.89999389648438,14.0
1411813341000,41.1647151,-8.59349232,213.8000030517578,12.0
1411813342000,41.16470657,-8.59338729,213.6999969482422,13.0
1411813343000,41.16468703,-8.59328986,214.10000610351563,13.0
1411813344000,41.16468078,-8.59318815,213.6999969482422,14.0
1411813345000,41.16468811,-8.59305736,212.89999389648438,15.0
1411813346000,41.16465839,-8.5929033,212.89999389648438,13.0
1411813347000,41.16463153,-8.5927824,213.1999969482422,13.0
1411813348000,41.16462177,-8.59266251,212.10000610351563,13.0
1411813349000,41.16460896,-8.59255483,211.8000030517578,14.0
1411813350000,41.16460103,-8.59244073,211.39999389648438,14.0
1411813351000,41.16457855,-8.59232752,211.60000610351563,15.0
1411813352000,41.16455617,-8.59222552,212.0,15.0
1411813353000,41.16453953,-8.59210696,211.60000610351563,15.0
1411813354000,41.16451666,-8.59197473,211.1999969482422,16.0
1411813355000,41.16450265,-8.59185452,211.1999969482422,16.0
1411813356000,41.16449687,-8.59174209,211.5,20.0
1411813357000,41.16449185,-8.59167214,211.60000610351563,15.0
1411813358000,41.16448977,-8.59155689,211.3000030517578,15.0
1411813359000,41.16446638,-8.59145831,211.39999389648438,14.0
1411813360000,41.16445132,-8.59138739,211.60000610351563,14.0
1411813361000,41.1644436,-8.59130213,211.0,15.0
1411813362000,41.16442871,-8.59117576,211.1999969482422,15.0
1411813363000,41.16440853,-8.59108756,211.1999969482422,15.0
1411813364000,41.16440517,-8.59101729,211.1999969482422,15.0
1411813365000,41.1643765,-8.59094795,211.10000610351563,16.0
1411813367000,41.16434092,-8.59087978,211.10000610351563,14.0
1411813368000,41.16431391,-8.59080685,211.0,14.0
1411813369000,41.1642801,-8.5907395,210.1999969482422,14.0
1411813371000,41.16422747,-8.59063213,208.39999389648438,13.0
1411813372000,41.16416597,-8.59045851,208.3000030517578,12.0
1411813374000,41.16414527,-8.59034491,207.5,12.0
1411813376000,41.16411794,-8.59024299,206.60000610351563,12.0
1411813378000,41.16404451,-8.59012216,205.6999969482422,11.0
1411813379000,41.1640165,-8.59001914,204.6999969482422,11.0
1411813380000,41.16401431,-8.58995573,203.89999389648438,12.0
1411813383000,41.16398819,-8.58988162,202.8000030517578,11.0
1411813385000,41.16395,-8.58981719,203.6999969482422,11.0
1411813387000,41.16387768,-8.58982707,203.89999389648438,10.0
1411813389000,41.16381553,-8.58988243,202.8000030517578,10.0
1411813391000,41.16373258,-8.58992211,203.0,10.0
1411813393000,41.16365364,-8.58996232,204.3000030517578,11.0
1411813394000,41.16361187,-8.58998827,203.89999389648438,11.0
1411813395000,41.16353062,-8.59007905,204.8000030517578,10.0
1411813396000,41.16347085,-8.59013418,205.3000030517578,10.0
1411813397000,41.16342029,-8.59017537,206.0,10.0
1411813398000,41.1633577,-8.59022014,205.6999969482422,10.0
1411813399000,41.16329054,-8.59026219,205.89999389648438,10.0
1411813400000,41.1632253,-8.5902813,206.39999389648438,10.0
1411813401000,41.16316522,-8.5903068,207.1999969482422,11.0
1411813402000,41.16312393,-8.59035742,208.6999969482422,10.0
1411813403000,41.16307129,-8.59040096,209.1999969482422,10.0
1411813403467,41.1640502,-8.589613,0.0,40.5
1411813404000,41.16302413,-8.59044944,209.60000610351563,10.0
1411813405000,41.16296384,-8.5905073,207.8000030517578,11.0
1411813406000,41.16290688,-8.59055517,207.10000610351563,10.0
1411813407000,41.16286068,-8.59061936,206.1999969482422,10.0
1411813408000,41.16279709,-8.59066455,206.5,11.0
1411813409000,41.16273859,-8.59072378,206.60000610351563,10.0
1411813410000,41.16266483,-8.59078645,207.0,11.0
1411813411000,41.16259848,-8.59085693,207.89999389648438,11.0
1411813412000,41.16255359,-8.59094026,207.6999969482422,10.0
1411813413000,41.16251621,-8.59100486,206.60000610351563,10.0
1411813414000,41.16244645,-8.59104125,206.0,10.0
1411813415000,41.16238801,-8.59109953,206.0,10.0
1411813416000,41.1623407,-8.59114673,206.10000610351563,11.0
1411813417000,41.1622698,-8.59122979,206.8000030517578,11.0
1411813417351,41.1640502,-8.589613,0.0,40.5
1411813418000,41.16220358,-8.59127055,206.89999389648438,11.0
1411813419000,41.16213898,-8.59133333,207.6999969482422,10.0
1411813420000,41.16206373,-8.59140258,208.1999969482422,10.0
1411813421000,41.16200048,-8.59146347,208.1999969482422,11.0
1411813422000,41.16194874,-8.59151348,208.3000030517578,11.0
1411813423000,41.16189203,-8.59154384,207.39999389648438,10.0
1411813424000,41.16181366,-8.59158295,210.1999969482422,10.0
1411813425000,41.16176534,-8.59162588,209.6999969482422,10.0
1411813426000,41.16170533,-8.59167515,209.39999389648438,11.0
1411813427000,41.16165019,-8.59169832,209.39999389648438,11.0
1411813428000,41.16159424,-8.5917321,209.1999969482422,11.0
1411813429000,41.16153766,-8.5917659,209.3000030517578,11.0
1411813430000,41.16147896,-8.59182131,209.1999969482422,11.0
1411813431000,41.16142866,-8.59185941,210.0,12.0
1411813433000,41.16135892,-8.59194871,210.1999969482422,13.0
1411813436000,41.16132758,-8.59184728,210.5,13.0
1411813437000,41.16130943,-8.59191532,210.8000030517578,14.0
1411813437366,41.1640502,-8.589613,0.0,40.5
1411813439000,41.16128173,-8.59196594,211.5,13.0
1411813441000,41.16122919,-8.59201795,211.60000610351563,14.0
1411813443000,41.1611688,-8.59206271,211.60000610351563,14.0
1411813444000,41.16113513,-8.59210593,211.6999969482422,14.0
1411813445000,41.16110446,-8.59215596,212.1999969482422,13.0
1411813446000,41.16107171,-8.5922109,212.39999389648438,13.0
1411813447000,41.16104194,-8.5922635,212.3000030517578,13.0
1411813448000,41.16101319,-8.59231419,212.3000030517578,14.0
1411813449000,41.16098465,-8.59236272,212.3000030517578,14.0
1411813450000,41.16095627,-8.59240952,212.3000030517578,15.0
1411813452000,41.16090485,-8.59249886,212.1999969482422,17.0
1411813454000,41.16086351,-8.59261088,212.10000610351563,25.0
1411813455000,41.16086811,-8.5928064,212.10000610351563,31.0
1411813456000,41.16086511,-8.59288962,212.10000610351563,36.0
1411813457000,41.1608663,-8.59296214,212.10000610351563,42.0
1411813458000,41.1608226,-8.59306702,212.0,50.0
1411813459000,41.1607893,-8.59315671,211.89999389648438,59.0
1411813460000,41.16076312,-8.59324639,211.89999389648438,70.0
1411813461000,41.160759,-8.59333876,211.60000610351563,77.0
1411813462000,41.16071413,-8.5934017,211.5,89.0
1411813463000,41.16053413,-8.59391642,210.3000030517578,66.0
1411813464000,41.16053283,-8.59406176,210.0,65.0
1411813465000,41.1605138,-8.59418204,209.89999389648438,66.0
1411813466000,41.16050683,-8.59427915,209.89999389648438,71.0
1411813467000,41.16048997,-8.5943875,209.89999389648438,71.0
1411813468000,41.16059575,-8.59473671,210.1999969482422,55.0
1411813469000,41.16072513,-8.5948435,210.60000610351563,33.0
1411813470000,41.16071422,-8.59497018,210.60000610351563,31.0
1411813471000,41.16074744,-8.5950786,210.3000030517578,27.0
1411813472000,41.16075529,-8.59516284,210.1999969482422,23.0
1411813473000,41.16075426,-8.59527891,210.1999969482422,22.0
1411813474000,41.16070293,-8.59541338,210.5,20.0
1411813475000,41.16070357,-8.59553084,210.5,20.0
1411813476000,41.16072968,-8.59564356,210.5,22.0
1411813477000,41.16075296,-8.5957291,210.5,22.0
1411813478000,41.16076785,-8.59583783,210.5,24.0
1411813479000,41.1607865,-8.5959528,210.60000610351563,25.0
1411813480000,41.16079365,-8.59608437,210.5,26.0
1411813481000,41.16080581,-8.59620478,210.60000610351563,28.0
1411813482000,41.16081655,-8.59632514,210.60000610351563,28.0
1411813483000,41.16082884,-8.59643749,210.6999969482422,29.0
1411813484000,41.16084292,-8.59654938,210.60000610351563,31.0
1411813485000,41.16084256,-8.59665654,210.60000610351563,34.0
1411813486000,41.16086416,-8.59651136,210.1999969482422,25.0
1411813487000,41.16089191,-8.59659937,210.3000030517578,19.0
1411813488000,41.16090612,-8.5966978,210.3000030517578,19.0
1411813489000,41.16086969,-8.59680401,209.89999389648438,18.0
1411813490000,41.16090635,-8.59673902,209.5,14.0
1411813491000,41.16092363,-8.59682688,209.5,14.0
1411813492000,41.16095523,-8.59691751,209.3000030517578,13.0
1411813493000,41.16096814,-8.59701669,209.1999969482422,13.0
1411813494000,41.16097273,-8.59711825,209.1999969482422,13.0
1411813495000,41.16098216,-8.59721834,208.89999389648438,13.0
1411813496000,41.1609902,-8.59734441,208.6999969482422,14.0
1411813497000,41.16098956,-8.59747516,208.60000610351563,13.0
1411813498000,41.16100065,-8.59758044,208.60000610351563,13.0
1411813499000,41.16101835,-8.59765575,208.5,12.0
1411813500000,41.16099795,-8.59779278,207.6999969482422,12.0
1411813502000,41.16100434,-8.59789242,207.1999969482422,12.0
1411813503000,41.16099383,-8.59795613,207.3000030517578,12.0
1411813505000,41.16099411,-8.59804991,207.8000030517578,13.0
1411813507000,41.16099223,-8.59818545,207.39999389648438,13.0
1411813508000,41.16097807,-8.59824543,207.3000030517578,13.0
1411813513000,41.161029,-8.59829262,206.8000030517578,15.0
1411813519000,41.16100528,-8.5983511,206.6999969482422,24.0
1411813523000,41.16099024,-8.59841311,206.8000030517578,51.0
1411813525000,41.16098276,-8.59849751,206.8000030517578,64.0
1411813527000,41.16099808,-8.59866622,206.89999389648438,48.0
1411813528000,41.1610157,-8.59888949,206.89999389648438,43.0
1411813530000,41.16105552,-8.59899532,206.1999969482422,35.0
1411813531000,41.16107526,-8.59907355,206.1999969482422,32.0
1411813532000,41.16109303,-8.59916239,206.0,30.0
1411813533000,41.16111176,-8.59927091,205.89999389648438,29.0
1411813534000,41.16112672,-8.59936897,205.8000030517578,28.0
1411813535000,41.16114427,-8.59946383,205.6999969482422,28.0
1411813536000,41.16115968,-8.59958293,205.6999969482422,29.0
1411813537000,41.16116963,-8.59972302,205.5,32.0
1411813539000,41.16121445,-8.59981986,205.89999389648438,35.0
1411813540000,41.16122333,-8.59995743,205.6999969482422,26.0
1411813541000,41.16120901,-8.6000429,205.60000610351563,23.0
1411813542000,41.16117752,-8.60010802,205.8000030517578,21.0
1411813543000,41.16116904,-8.60017547,205.89999389648438,21.0
1411813544000,41.16117173,-8.60025524,205.6999969482422,21.0
1411813545000,41.16117233,-8.60034106,205.6999969482422,22.0
1411813546000,41.16118083,-8.60044454,205.8000030517578,23.0
1411813547000,41.16113192,-8.60050118,205.89999389648438,27.0
1411813549000,41.16099182,-8.60050099,206.1999969482422,38.0
1411813550000,41.16093833,-8.60054017,205.60000610351563,41.0
1411813551000,41.16089279,-8.60056845,205.60000610351563,46.0
1411813552000,41.16084113,-8.60060084,205.60000610351563,47.0
1411813553000,41.16079648,-8.60062816,205.60000610351563,48.0
1411813554000,41.16073277,-8.60066313,205.5,53.0
1411813556000,41.16065037,-8.60071942,205.39999389648438,52.0
1411813557000,41.16048403,-8.60081081,205.1999969482422,52.0
1411813558000,41.16053666,-8.6007672,205.60000610351563,60.0
1411813559000,41.1604403,-8.60069707,205.39999389648438,42.0
1411813561000,41.16035419,-8.60075631,205.6999969482422,52.0
1411813562000,41.16028699,-8.60079145,205.60000610351563,49.0
1411813563000,41.160218,-8.60082607,205.5,49.0
1411813564000,41.16014557,-8.60081928,205.39999389648438,37.0
1411813565000,41.16008207,-8.60082648,205.5,38.0
1411813566000,41.15996778,-8.60088933,205.3000030517578,46.0
1411813567000,41.15991995,-8.60100536,205.10000610351563,50.0
1411813568000,41.15987239,-8.60101019,206.0,33.0
1411813569000,41.15980905,-8.60100893,206.10000610351563,29.0
1411813570000,41.15977271,-8.60097151,205.0,19.0
1411813572000,41.15970691,-8.60103125,205.10000610351563,22.0
1411813573000,41.15964846,-8.60108166,205.3000030517578,26.0
1411813575000,41.15958231,-8.60114431,205.1999969482422,31.0
1411813576000,41.15953154,-8.60106832,205.10000610351563,31.0
1411813578000,41.15943727,-8.60106785,205.0,33.0
1411813579000,41.15934842,-8.60112073,205.0,23.0
1411813580000,41.15927748,-8.60114274,205.0,21.0
1411813581000,41.15923166,-8.60114731,204.6999969482422,20.0
1411813582000,41.1591552,-8.60117604,204.89999389648438,19.0
1411813583000,41.1590726,-8.60120887,204.6999969482422,19.0
1411813584000,41.15901136,-8.60122316,204.39999389648438,18.0
1411813585000,41.15893165,-8.60124504,204.39999389648438,18.0
1411813586000,41.15886069,-8.60125937,204.5,19.0
1411813587000,41.15878635,-8.60127542,204.39999389648438,22.0
1411813588000,41.15871997,-8.60128401,204.3000030517578,27.0
1411813589000,41.15863528,-8.60130641,204.1999969482422,29.0
1411813590000,41.1585607,-8.60131724,204.39999389648438,31.0
1411813591000,41.15847255,-8.60133424,204.3000030517578,35.0
1411813592000,41.15840864,-8.60134185,204.3000030517578,39.0
1411813593000,41.15830967,-8.60138144,204.1999969482422,48.0
1411813594000,41.15824134,-8.60138719,204.5,58.0
1411813595000,41.15814697,-8.60141389,204.5,70.0
1411813596000,41.15804286,-8.60144875,204.5,83.0
1411813597000,41.15798245,-8.60145611,204.60000610351563,97.0
1411813598000,41.15791937,-8.60146702,204.5,113.0
1411813599000,41.15783667,-8.60149053,204.5,130.0
1411813600000,41.15773773,-8.6015282,204.1999969482422,149.0
1411813601000,41.15766241,-8.60156751,204.3000030517578,166.0
1411813602000,41.15760134,-8.60158587,204.3000030517578,187.0
1411813603000,41.15752836,-8.6016111,204.1999969482422,208.0
1411813604000,41.1574658,-8.60163125,204.10000610351563,230.0
1411813625000,41.15578048,-8.60222929,203.8000030517578,130.0
1411813626000,41.15567073,-8.60234786,203.8000030517578,102.0
1411813627000,41.15563257,-8.6025849,203.8000030517578,76.0
1411813628000,41.15552363,-8.60257754,203.1999969482422,60.0
1411813629000,41.15545491,-8.60250608,203.1999969482422,48.0
1411813630000,41.15538467,-8.60258719,201.89999389648438,39.0
1411813631000,41.15530925,-8.60263777,201.60000610351563,42.0
1411813632000,41.15523672,-8.60269903,201.8000030517578,44.0
1411813633000,41.15516416,-8.60271802,201.6999969482422,32.0
1411813634000,41.15509443,-8.60275242,201.6999969482422,33.0
1411813635000,41.15502347,-8.60279501,201.5,35.0
1411813636000,41.1549497,-8.60283698,201.39999389648438,37.0
1411813637000,41.15488192,-8.6029069,201.3000030517578,36.0
1411813638000,41.1548126,-8.60288766,201.1999969482422,39.0
1411813640000,41.15488354,-8.60289396,201.60000610351563,28.0
1411813643000,41.15485938,-8.60296424,203.1999969482422,17.0
1411813648000,41.15490206,-8.60293512,201.89999389648438,12.0
1411813655000,41.15485743,-8.60291387,197.60000610351563,12.0
1411813668000,41.15481781,-8.60288371,199.0,11.0
1411813687000,41.15476776,-8.60285585,205.39999389648438,10.0
1411813688000,41.15467531,-8.60290736,207.5,11.0
1411813689000,41.15459653,-8.6029279,207.8000030517578,11.0
1411813690000,41.15450893,-8.60297484,204.10000610351563,11.0
1411813691000,41.15442819,-8.60300963,205.0,11.0
1411813692000,41.15435658,-8.60303991,204.8000030517578,11.0
1411813693000,41.15426893,-8.60306643,206.1999969482422,12.0
1411813694000,41.15418869,-8.60309677,206.10000610351563,13.0
1411813695000,41.15411033,-8.60311954,205.60000610351563,12.0
1411813696000,41.15402019,-8.60315032,205.3000030517578,12.0
1411813697000,41.15390432,-8.60316666,206.0,12.0
1411813698000,41.15381768,-8.60319451,205.1999969482422,13.0
1411813699000,41.15373741,-8.60322447,204.89999389648438,14.0
1411813700000,41.15364153,-8.60331727,204.60000610351563,13.0
1411813701000,41.15354414,-8.60336648,203.5,13.0
1411813702000,41.1534442,-8.60341574,202.8000030517578,14.0
1411813703000,41.15335437,-8.60345943,202.8000030517578,15.0
1411813704000,41.15326096,-8.60349308,203.0,15.0
1411813705000,41.15316929,-8.60353455,203.1999969482422,14.0
1411813706000,41.15308422,-8.60360387,202.60000610351563,14.0
1411813707000,41.15300597,-8.60364103,202.60000610351563,15.0
1411813708000,41.15292275,-8.60367905,202.6999969482422,15.0
1411813709000,41.15283307,-8.60371325,202.3000030517578,16.0
1411813710000,41.15275544,-8.60374522,202.6999969482422,13.0
1411813711000,41.15268542,-8.60378966,202.89999389648438,13.0
1411813712000,41.1526167,-8.60382706,202.89999389648438,14.0
1411813713000,41.15253959,-8.60386585,203.0,14.0
1411813714000,41.15246277,-8.60390564,202.89999389648438,14.0
1411813715000,41.15238285,-8.60394479,202.6999969482422,15.0
1411813716000,41.15230665,-8.60397693,202.5,15.0
1411813717000,41.15222814,-8.60406577,202.3000030517578,16.0
1411813718000,41.15215165,-8.60410385,202.0,17.0
1411813719000,41.15208481,-8.60415351,202.0,19.0
1411813720000,41.15200753,-8.60419281,201.60000610351563,22.0
1411813721000,41.15194876,-8.60411242,200.8000030517578,21.0
1411813722000,41.1518822,-8.60415094,200.6999969482422,22.0
1411813723000,41.15181149,-8.60415571,200.6999969482422,20.0
1411813724000,41.15173827,-8.60419489,200.60000610351563,24.0
1411813725000,41.15166639,-8.60420805,200.39999389648438,26.0
1411813726000,41.15159664,-8.60424114,200.39999389648438,29.0
1411813728000,41.15149322,-8.60428987,200.39999389648438,38.0
1411813730000,41.1514027,-8.6043657,200.8000030517578,48.0
1411813731000,41.15135471,-8.60439611,200.8000030517578,56.0
1411813732000,41.15128865,-8.60443585,200.8000030517578,67.0
1411813733000,41.15123241,-8.60446981,200.8000030517578,80.0
1411813734000,41.15117754,-8.60455058,200.6999969482422,93.0
1411813735000,41.15111987,-8.60463119,200.6999969482422,89.0
1411813736000,41.15106137,-8.60470959,200.60000610351563,100.0
1411813737000,41.15101945,-8.60461378,200.60000610351563,96.0
1411813738000,41.15101081,-8.60436668,200.39999389648438,95.0
1411813740000,41.15098451,-8.60429993,200.39999389648438,104.0
1411813743000,41.15098052,-8.60440287,200.39999389648438,83.0
1411813745000,41.1509748,-8.60447275,200.5,78.0
1411813751000,41.15096385,-8.6045391,200.39999389648438,87.0
1411813753000,41.15095561,-8.60460074,200.39999389648438,99.0
1411813761000,41.15097436,-8.60453254,200.5,118.0
1411813767000,41.15092214,-8.60453232,200.39999389648438,58.0
1411813771000,41.15087407,-8.60455607,200.5,53.0
1411813777000,41.15082808,-8.60458548,200.39999389648438,40.0
1411813780000,41.15078273,-8.60458823,200.60000610351563,31.0
1411813783000,41.15074984,-8.60454153,200.5,16.0
1411813786000,41.15068774,-8.60451381,200.5,16.0
1411813787000,41.15062795,-8.60450411,200.39999389648438,16.0
1411813788000,41.15052006,-8.60450995,200.39999389648438,15.0
1411813789000,41.15029426,-8.60454024,200.60000610351563,15.0
1411813790000,41.15021402,-8.60455525,200.6999969482422,16.0
1411813791000,41.15014979,-8.60454099,200.60000610351563,16.0
1411813792000,41.15008951,-8.60454729,200.60000610351563,16.0
1411813793000,41.15004112,-8.60456343,200.60000610351563,17.0
1411813794000,41.1499846,-8.60458927,200.60000610351563,20.0
1411813795000,41.14993454,-8.60463627,200.6999969482422,21.0
1411813796000,41.14988959,-8.60465579,200.60000610351563,22.0
1411813797000,41.14984393,-8.60470295,200.60000610351563,23.0
1411813800000,41.14979343,-8.60462459,200.8000030517578,22.0
1411813802000,41.14975438,-8.60459281,201.1999969482422,23.0
1411813804000,41.1497318,-8.60450908,200.60000610351563,24.0
1411813806000,41.14968524,-8.60453649,200.89999389648438,19.0
1411813808000,41.14963331,-8.60454667,200.39999389648438,19.0
1411813810000,41.14957857,-8.60454845,200.10000610351563,22.0
1411813812000,41.14951747,-8.60454084,199.8000030517578,22.0
1411813813000,41.14945605,-8.604545,199.5,21.0
1411813814000,41.14936321,-8.60457771,199.5,21.0
1411813816000,41.149296,-8.60455796,199.5,24.0
1411813819000,41.14923345,-8.60453779,197.3000030517578,21.0
1411813820000,41.14923818,-8.60443671,194.39999389648438,19.0
1411813822000,41.14923101,-8.60450387,193.8000030517578,18.0
1411813824000,41.14921419,-8.60457404,193.89999389648438,17.0
1411813826000,41.14920039,-8.60465551,194.60000610351563,19.0
1411813828000,41.14918443,-8.6047645,194.3000030517578,23.0
1411813830000,41.14916617,-8.60488706,194.10000610351563,27.0
1411813831000,41.14914711,-8.60499195,194.0,30.0
1411813832000,41.149176,-8.60506766,194.3000030517578,30.0
1411813833000,41.14926908,-8.60497822,192.6999969482422,30.0
1411813834000,41.14918605,-8.60505324,190.60000610351563,27.0
1411813835000,41.14924042,-8.60506999,190.1999969482422,26.0
1411813837000,41.149303,-8.60506234,188.60000610351563,25.0
1411813839000,41.14933418,-8.60510752,190.0,24.0
1411813842000,41.14933712,-8.60516869,188.6999969482422,24.0
1411813845000,41.14937794,-8.60521126,190.39999389648438,20.0
1411813847000,41.14938919,-8.60527643,190.5,16.0
1411813848000,41.14938859,-8.60534175,190.39999389648438,16.0
1411813849000,41.14938583,-8.60541873,190.8000030517578,16.0
1411813850000,41.14939807,-8.60554368,191.0,16.0
1411813851000,41.14946588,-8.60566586,192.1999969482422,16.0
1411813852000,41.14948619,-8.60576272,192.6999969482422,17.0
1411813853000,41.14948471,-8.60587829,193.0,18.0
1411813854000,41.1494937,-8.60597025,193.3000030517578,19.0
1411813855000,41.14949033,-8.60606958,193.10000610351563,19.0
1411813856000,41.14949931,-8.60615389,193.0,19.0
1411813857000,41.14950583,-8.60624859,193.1999969482422,20.0
1411813858000,41.14950604,-8.60634303,193.1999969482422,21.0
1411813859000,41.14949535,-8.60640635,193.3000030517578,22.0
1411813860000,41.14948768,-8.60648276,193.10000610351563,26.0
1411813861000,41.14947898,-8.60656868,193.10000610351563,30.0
1411813862000,41.14948293,-8.60664544,193.1999969482422,31.0
1411813863000,41.14948282,-8.60672277,193.1999969482422,35.0
1411813864000,41.149497,-8.60682304,193.39999389648438,38.0
1411813865000,41.14973407,-8.60689014,193.60000610351563,29.0
1411813866000,41.14970425,-8.60699269,193.10000610351563,29.0
1411813867000,41.14972246,-8.60707551,193.1999969482422,28.0
1411813868000,41.14975137,-8.60713571,193.3000030517578,28.0
1411813869000,41.1497407,-8.6072286,193.1999969482422,29.0
1411813870000,41.14971405,-8.60733098,192.89999389648438,32.0
1411813873000,41.14980833,-8.60731243,193.1999969482422,37.0
1411813876000,41.14988097,-8.6073134,193.3000030517578,49.0
1411813877000,41.14986686,-8.60741312,193.1999969482422,56.0
1411813880000,41.14988523,-8.60732952,193.3000030517578,49.0
1411813881000,41.14977146,-8.60722749,193.3000030517578,39.0
1411813882000,41.14975603,-8.60733623,193.3000030517578,41.0
1411813884000,41.14979506,-8.60729358,193.3000030517578,36.0
1411813886000,41.14983427,-8.60726196,193.39999389648438,47.0
1411813888000,41.14987275,-8.60720697,193.39999389648438,63.0
1411813890000,41.149901559999996,-8.60715899,193.3000030517578,63.0
1411813904000,41.14986064,-8.60710716,192.6999969482422,23.0
1411813909000,41.14989458,-8.60706744,192.6999969482422,21.0
1411813915000,41.14987832,-8.60712508,192.8000030517578,15.0
1411813917000,41.14988332,-8.60720785,192.5,14.0
1411813918000,41.14990703,-8.60726816,190.89999389648438,14.0
1411813919000,41.1499383,-8.60733267,190.10000610351563,14.0
1411813920000,41.14997041,-8.60739636,188.6999969482422,14.0
1411813921000,41.15003172,-8.60744659,187.6999969482422,13.0
1411813922000,41.14998369,-8.60748629,188.60000610351563,13.0
1411813924000,41.1499675,-8.60759914,185.39999389648438,12.0
1411813925000,41.14995271,-8.60769438,185.5,13.0
1411813926000,41.14995143,-8.60777484,185.89999389648438,13.0
1411813927000,41.14994537,-8.60785836,185.60000610351563,13.0
1411813928000,41.14993276,-8.60794021,185.39999389648438,13.0
1411813929000,41.14989314,-8.60804363,185.8000030517578,13.0
1411813931000,41.14991404,-8.60813205,184.5,14.0
1411813932000,41.14987868,-8.60823284,184.6999969482422,14.0
1411813933000,41.14986801,-8.60831983,184.60000610351563,14.0
1411813934000,41.14989502,-8.60838925,184.1999969482422,15.0
1411813935000,41.14988879,-8.60845877,183.89999389648438,16.0
1411813936000,41.14988556,-8.60855309,184.5,17.0
1411813937000,41.14985723,-8.60865999,184.60000610351563,19.0
1411813938000,41.14986045,-8.60874585,184.89999389648438,20.0
1411813939000,41.14985489,-8.60883773,185.3000030517578,21.0
1411813940000,41.14984463,-8.60891223,184.6999969482422,22.0
1411813949000,41.14985467,-8.60900601,187.89999389648438,20.0
1411813951000,41.14984228,-8.60908067,189.6999969482422,17.0
1411813953000,41.14984293,-8.60918351,188.6999969482422,15.0
1411813955000,41.14986054,-8.60928255,188.6999969482422,15.0
1411813957000,41.1498927,-8.60935914,188.60000610351563,15.0
1411813960000,41.14993979,-8.60937571,187.0,15.0
1411813963000,41.14999763,-8.60936738,180.8000030517578,14.0
1411813966000,41.15005854,-8.60936398,176.39999389648438,13.0
1411813971000,41.15010242,-8.60935019,173.0,13.0
1411813976000,41.15011657,-8.60929103,168.1999969482422,14.0
1411813980000,41.15017786,-8.60926235,164.0,14.0
1411813985000,41.15022578,-8.60926539,163.89999389648438,12.0
1411814012000,41.15030553,-8.609429,163.5,14.0
1411814013000,41.15033846,-8.60950125,163.1999969482422,15.0
1411814014000,41.15036665,-8.60957732,163.5,15.0
1411814015000,41.15040258,-8.60961722,164.1999969482422,15.0
1411814017000,41.150465,-8.60968743,165.3000030517578,15.0
1411814020000,41.1505121,-8.60976311,166.3000030517578,14.0
1411814022000,41.15058471,-8.60969384,169.39999389648438,14.0
1411814023000,41.15066953,-8.60963085,168.8000030517578,14.0
1411814024000,41.1507234,-8.6095767,169.5,14.0
1411814026000,41.15077484,-8.60952201,170.8000030517578,14.0
1411814033000,41.15081314,-8.60955527,167.1999969482422,14.0
1411814040000,41.15085922,-8.60960052,163.89999389648438,16.0
1411814043000,41.15091405,-8.60961095,165.3000030517578,15.0
1411814054000,41.15095933,-8.60961785,164.5,14.0
1411814056000,41.15101704,-8.60963803,163.89999389648438,13.0
1411814057000,41.15105846,-8.60966756,163.6999969482422,13.0
1411814058000,41.15115678,-8.60980587,165.3000030517578,13.0
1411814059000,41.15119415,-8.60985547,166.39999389648438,13.0
1411814060000,41.1513057,-8.60980329,151.39999389648438,13.0
1411814062000,41.15137813,-8.60984443,150.8000030517578,13.0
1411814064000,41.15143583,-8.6098967,150.10000610351563,12.0
1411814067000,41.15150354,-8.60987201,154.8000030517578,12.0
1411814070000,41.15155323,-8.60990074,156.0,12.0
1411814087000,41.15150189,-8.60997186,153.89999389648438,12.0
1411814089000,41.15142148,-8.61000887,153.1999969482422,12.0
1411814090000,41.15137228,-8.61002988,152.0,13.0
1411814091000,41.15132508,-8.61005203,152.1999969482422,13.0
1411814092000,41.15127636,-8.61010101,151.10000610351563,14.0
1411814093000,41.15121113,-8.61031139,151.3000030517578,14.0
1411814094000,41.15118617,-8.61039354,150.89999389648438,15.0
1411814095000,41.15109172,-8.61043045,150.6999969482422,16.0
1411814096000,41.15103929,-8.61047178,150.6999969482422,17.0
1411814097000,41.15095773,-8.61053228,150.8000030517578,17.0
1411814099000,41.15087449,-8.61055706,150.0,18.0
1411814100000,41.1508145,-8.61056878,150.0,15.0
1411814101000,41.1507543,-8.61063172,149.5,15.0
1411814102000,41.15069167,-8.61062986,150.60000610351563,15.0
1411814103000,41.15062122,-8.61063586,150.6999969482422,15.0
1411814104000,41.15056447,-8.61064695,150.6999969482422,14.0
1411814105000,41.1504787,-8.61068615,148.89999389648438,13.0
1411814106000,41.15041055,-8.61070687,149.0,13.0
1411814107000,41.15036492,-8.61072024,148.1999969482422,12.0
1411814108000,41.15030828,-8.61072892,147.60000610351563,12.0
1411814109000,41.15024092,-8.61074395,147.60000610351563,13.0
1411814110000,41.15017165,-8.6107604,147.60000610351563,13.0
1411814111000,41.15010119,-8.6107734,147.60000610351563,14.0
1411814112000,41.150031,-8.61078705,147.5,14.0
1411814113000,41.14996187,-8.61080083,147.5,15.0
1411814114000,41.14983991,-8.61081619,147.60000610351563,15.0
1411814115000,41.14974589,-8.61091043,147.1999969482422,12.0
1411814116000,41.1496441,-8.61090869,146.89999389648438,13.0
1411814117000,41.14958814,-8.61096959,146.8000030517578,13.0
1411814118000,41.14951545,-8.61097595,146.1999969482422,14.0
1411814119000,41.14945638,-8.61099687,146.1999969482422,14.0
1411814120000,41.14941019,-8.61100821,146.39999389648438,15.0
1411814121000,41.14936028,-8.61100569,146.5,17.0
1411814122000,41.14930913,-8.61101405,146.39999389648438,17.0
1411814123000,41.1492537,-8.61102548,146.60000610351563,17.0
1411814124000,41.149213,-8.61108165,147.5,16.0
1411814125000,41.14917016,-8.61111036,147.6999969482422,14.0
1411814129000,41.14917005,-8.61118395,145.60000610351563,12.0
1411814138000,41.14919413,-8.61123535,140.6999969482422,10.0
1411814144000,41.14912536,-8.61124329,140.5,10.0
1411814145000,41.14906133,-8.6112377,140.89999389648438,10.0
1411814147000,41.14897369,-8.61122936,140.0,10.0
1411814148000,41.14888968,-8.61123897,141.6999969482422,10.0
1411814149000,41.14882217,-8.61124669,141.3000030517578,10.0
1411814150000,41.14875723,-8.61125538,140.89999389648438,10.0
1411814151000,41.14870087,-8.61125107,141.1999969482422,10.0
1411814152000,41.14864598,-8.61125088,140.3000030517578,10.0
1411814153000,41.14858533,-8.61124387,140.0,10.0
1411814154000,41.14851708,-8.61124388,141.3000030517578,10.0
1411814155000,41.14846295,-8.61125385,141.0,10.0
1411814156000,41.14841423,-8.61125343,140.5,10.0
1411814157000,41.14834703,-8.61126469,140.60000610351563,10.0
1411814158000,41.14829948,-8.6112629,141.3000030517578,11.0
1411814160000,41.14821134,-8.61129268,140.1999969482422,10.0
1411814162000,41.14811936,-8.61128275,139.10000610351563,11.0
1411814163000,41.14806759,-8.61128267,138.89999389648438,11.0
1411814164000,41.14802044,-8.61127679,137.6999969482422,11.0
1411814166000,41.14794085,-8.6113221,137.39999389648438,11.0
1411814168009,41.1495011,-8.6110062,0.0,50.11600112915039
1411814168000,41.14790933,-8.61139818,136.1999969482422,11.0
1411814170000,41.14788853,-8.61147326,133.0,12.0
1411814172000,41.14786093,-8.61155421,132.10000610351563,12.0
1411814174000,41.14784038,-8.6116326,132.1999969482422,13.0
1411814176000,41.14782647,-8.61170137,132.0,14.0
1411814180000,41.14779175,-8.61174928,131.8000030517578,20.0
1411814185000,41.14782193,-8.61180784,131.0,21.0
1411814188000,41.14784789,-8.61187756,130.3000030517578,34.0
1411814190000,41.14787365,-8.6119625,130.0,41.0
1411814192000,41.14787453,-8.61207464,129.8000030517578,44.0
1411814193000,41.14786652,-8.61216827,129.60000610351563,39.0
1411814194000,41.14785398,-8.61241487,129.1999969482422,36.0
1411814195000,41.14794225,-8.61253827,128.3000030517578,33.0
1411814197000,41.14798492,-8.61266097,128.5,27.0
1411814198000,41.14803004,-8.61277687,129.39999389648438,26.0
1411814199000,41.148125,-8.61285362,130.60000610351563,26.0
1411814200000,41.14814525,-8.61294326,131.39999389648438,23.0
1411814201000,41.14818989,-8.61299614,131.89999389648438,20.0
1411814202000,41.14830668,-8.61311525,133.60000610351563,15.0
1411814203000,41.14831808,-8.61320198,133.39999389648438,14.0
1411814204000,41.14832831,-8.61329071,133.1999969482422,13.0
1411814205000,41.14834887,-8.61337931,133.0,13.0
1411814206000,41.14836357,-8.6134494,133.60000610351563,14.0
1411814207000,41.14835372,-8.61352238,132.89999389648438,14.0
1411814208000,41.14836006,-8.61360204,133.3000030517578,14.0
1411814209000,41.14837138,-8.61367844,133.3000030517578,15.0
1411814210000,41.14836444,-8.61376155,133.1999969482422,15.0
1411814211000,41.14837356,-8.61384579,133.1999969482422,16.0
1411814212000,41.14836763,-8.6139115,132.60000610351563,16.0
1411814213000,41.14839065,-8.61397486,132.6999969482422,17.0
1411814214000,41.14840342,-8.614037,132.8000030517578,18.0
1411814215000,41.14838154,-8.61411968,132.6999969482422,18.0
1411814216000,41.14839792,-8.61423676,132.3000030517578,16.0
1411814217000,41.14841072,-8.61432784,132.1999969482422,16.0
1411814218000,41.14838848,-8.61441568,131.8000030517578,16.0
1411814219000,41.14838855,-8.61450221,131.8000030517578,16.0
1411814220000,41.1482485,-8.6145103,131.3000030517578,15.0
1411814221000,41.14820614,-8.61454039,131.6999969482422,15.0
1411814222000,41.14813434,-8.61456859,131.8000030517578,15.0
1411814224000,41.14802925,-8.61465763,131.89999389648438,16.0
1411814225000,41.14798195,-8.61470224,131.89999389648438,17.0
1411814226000,41.14790857,-8.61471588,131.8000030517578,16.0
1411814228000,41.14785947,-8.61474772,132.60000610351563,14.0
1411814229000,41.1477956,-8.614778,133.1999969482422,14.0
1411814230000,41.14772337,-8.6147926,134.0,15.0
1411814232000,41.14766695,-8.61481758,136.3000030517578,14.0
1411814235000,41.14760984,-8.61482852,136.8000030517578,13.0
1411814238000,41.14756402,-8.61483951,138.10000610351563,14.0
1411814244000,41.14751464,-8.61485327,140.89999389648438,13.0
1411814255000,41.14754413,-8.6149063,147.5,14.0
1411814257000,41.14752155,-8.61496322,147.89999389648438,15.0
1411814259000,41.14747577,-8.61502503,147.89999389648438,15.0
1411814261000,41.14742884,-8.61506884,147.60000610351563,15.0
1411814263000,41.14736747,-8.61510512,146.39999389648438,14.0
1411814265000,41.14730762,-8.61516664,147.3000030517578,14.0
1411814266000,41.14728601,-8.61522564,148.0,14.0
1411814267000,41.14727391,-8.61530509,149.1999969482422,14.0
1411814268000,41.14731928,-8.61546675,149.6999969482422,13.0
1411814269000,41.14732273,-8.6155494,150.1999969482422,13.0
1411814270000,41.14733008,-8.61564177,150.10000610351563,12.0
1411814271000,41.14733222,-8.61572218,149.8000030517578,12.0
1411814273000,41.14734032,-8.61585466,150.60000610351563,12.0
1411814274000,41.14735041,-8.61593737,150.8000030517578,12.0
1411814275000,41.14736033,-8.61601083,150.60000610351563,12.0
1411814276000,41.14736422,-8.61607331,150.6999969482422,12.0
1411814278000,41.14734701,-8.61617363,149.6999969482422,12.0
1411814279000,41.14725512,-8.61619376,145.89999389648438,11.0
1411814280000,41.14721148,-8.61625205,146.10000610351563,10.0
1411814282000,41.14717569,-8.61635438,145.60000610351563,10.0
1411814284000,41.1471811,-8.61644776,146.39999389648438,10.0
1411814286000,41.14717794,-8.61660151,146.5,10.0
1411814287000,41.14718929,-8.61668623,146.39999389648438,11.0
1411814288000,41.14720188,-8.61678416,147.3000030517578,11.0
1411814289000,41.14722634,-8.61688468,147.60000610351563,11.0
1411814290000,41.14724239,-8.61698832,147.39999389648438,11.0
1411814291000,41.14723742,-8.61710184,147.60000610351563,11.0
1411814292000,41.14723816,-8.61721378,147.39999389648438,11.0
1411814293000,41.14720971,-8.61732022,147.89999389648438,12.0
1411814294000,41.14719057,-8.61744423,147.89999389648438,11.0
1411814295000,41.14717726,-8.61752304,147.89999389648438,11.0
1411814296000,41.14716891,-8.6176061,147.8000030517578,12.0
1411814297000,41.14715975,-8.61769397,147.8000030517578,11.0
1411814298000,41.14712693,-8.61776069,147.60000610351563,11.0
1411814299000,41.14709434,-8.61781054,147.39999389648438,10.0
1411814300000,41.14705759,-8.6178608,147.60000610351563,11.0
1411814302000,41.14698111,-8.61780702,147.5,10.0
1411814305000,41.14693126,-8.61779411,148.39999389648438,10.0
1411814307000,41.14686926,-8.61783825,149.8000030517578,11.0
1411814309000,41.14681424,-8.61780783,150.10000610351563,12.0
1411814311000,41.14676521,-8.61779884,150.39999389648438,13.0
1411814314000,41.14670286,-8.6177999,150.8000030517578,14.0
1411814317000,41.14666644,-8.617864579999999,151.39999389648438,14.0
1411814327000,41.14689386,-8.61767139,154.39999389648438,15.0
1411814331000,41.14686249,-8.61772105,153.5,15.0
1411814333000,41.14684149,-8.61778123,153.6999969482422,15.0
1411814337000,41.14684348,-8.61785501,156.0,15.0
1411814340000,41.14682707,-8.6179109,156.6999969482422,15.0
1411814343000,41.1467796,-8.61791775,156.39999389648438,14.0
1411814345000,41.14669708,-8.61789227,156.5,12.0
1411814346000,41.14662732,-8.61786344,156.6999969482422,12.0
1411814347000,41.14655648,-8.61783677,156.5,12.0
1411814348000,41.14639437,-8.61779967,156.3000030517578,12.0
1411814349000,41.14633364,-8.61778117,156.6999969482422,12.0
1411814350000,41.14627603,-8.61776117,156.6999969482422,12.0
1411814351000,41.14622746,-8.61774262,156.3000030517578,12.0
1411814353000,41.14616757,-8.61768557,155.8000030517578,12.0
1411814354000,41.1460867,-8.61768009,157.1999969482422,11.0
1411814355000,41.14600942,-8.61767272,156.10000610351563,11.0
1411814356000,41.14596127,-8.61766671,154.89999389648438,12.0
1411814357000,41.14589576,-8.61765432,153.1999969482422,11.0
1411814358000,41.1458172,-8.61763544,153.5,11.0
1411814359000,41.14574789,-8.61760526,154.5,12.0
1411814360000,41.14567533,-8.61758004,154.89999389648438,12.0
1411814361000,41.14560697,-8.61757563,154.39999389648438,11.0
1411814362000,41.14552561,-8.61754668,154.5,11.0
1411814363000,41.14548899,-8.61750627,153.5,12.0
1411814364000,41.14541407,-8.61749907,153.0,11.0
1411814365000,41.1453675,-8.61749963,151.60000610351563,11.0
1411814367000,41.14531298,-8.61748144,151.60000610351563,11.0
1411814372000,41.1453683,-8.61746229,144.6999969482422,11.0
1411814376000,41.14533815,-8.61750769,145.6999969482422,12.0
1411814379000,41.14529407,-8.61747788,144.89999389648438,12.0
1411814381000,41.14524596,-8.61744948,144.8000030517578,12.0
1411814382000,41.1451935,-8.61743564,144.6999969482422,11.0
1411814383000,41.14513399,-8.61742488,143.8000030517578,11.0
1411814384000,41.14497105,-8.61738508,144.0,12.0
1411814385000,41.14490925,-8.61736828,143.5,12.0
1411814386000,41.14486655,-8.61734399,143.39999389648438,12.0
1411814387000,41.144832889999996,-8.61727863,143.1999969482422,11.0
1411814388000,41.14480167,-8.61720743,143.10000610351563,12.0
1411814389000,41.14478073,-8.61712691,143.1999969482422,12.0
1411814390000,41.14474965,-8.61706523,143.1999969482422,12.0
1411814392000,41.14473399,-8.61699291,144.0,12.0
1411814393000,41.14474902,-8.61693499,143.89999389648438,12.0
1411814394000,41.14482225,-8.61688502,143.89999389648438,12.0
1411814395000,41.14484731,-8.61683422,143.89999389648438,12.0
1411814396000,41.14492192,-8.61679138,143.89999389648438,12.0
1411814401000,41.14495342,-8.61673909,143.60000610351563,11.0
1411814404000,41.1449814,-8.61667215,143.8000030517578,11.0
1411814407000,41.14500987,-8.61660174,142.3000030517578,11.0
1411814409000,41.14505172,-8.61652052,142.5,10.0
1411814410000,41.14508302,-8.61645376,142.1999969482422,10.0
1411814411000,41.14511549,-8.61638303,142.5,10.0
1411814412000,41.14514553,-8.61624778,142.10000610351563,10.0
1411814414000,41.1452037,-8.61612049,143.1999969482422,10.0
1411814415000,41.14523292,-8.61605562,142.8000030517578,10.0
1411814416000,41.14525866,-8.61600266,143.10000610351563,10.0
1411814418000,41.14531001,-8.61587459,143.39999389648438,10.0
1411814419000,41.14533892,-8.61580793,143.60000610351563,10.0
1411814420000,41.14534899,-8.61574556,143.39999389648438,10.0
1411814421000,41.14537419,-8.61569051,143.39999389648438,10.0
1411814423000,41.14541279,-8.61562578,140.8000030517578,10.0
1411814425000,41.1454593,-8.61550165,139.60000610351563,11.0
1411814426000,41.14548766,-8.6154476,139.8000030517578,11.0
1411814427000,41.14551157,-8.61538011,139.60000610351563,11.0
1411814428000,41.14554177,-8.61529196,139.8000030517578,12.0
1411814430000,41.14559831,-8.61524191,138.89999389648438,12.0
1411814431000,41.14563128,-8.61517332,138.8000030517578,12.0
1411814432000,41.14566588,-8.61511327,138.8000030517578,13.0
1411814433000,41.14569443,-8.61505338,138.8000030517578,13.0
1411814435000,41.14571994,-8.61498891,139.3000030517578,12.0
1411814437000,41.14572022,-8.61492053,140.0,12.0
1411814440000,41.14575234,-8.61487069,139.39999389648438,12.0
1411814444000,41.14579302,-8.61482355,138.1999969482422,11.0
1411814452000,41.14583102,-8.61477497,137.1999969482422,13.0
1411814454000,41.14587759,-8.61473745,138.39999389648438,13.0
1411814455000,41.14591017,-8.61468578,138.1999969482422,13.0
1411814456000,41.14594182,-8.61461341,138.39999389648438,12.0
1411814457000,41.1459684,-8.6144831,138.8000030517578,13.0
1411814458000,41.14602097,-8.61436198,138.5,12.0
1411814459000,41.14605802,-8.61428097,138.60000610351563,12.0
1411814460000,41.14610344,-8.61420102,138.60000610351563,12.0
1411814461000,41.14609146,-8.61412833,138.5,12.0
1411814462000,41.14612039,-8.61405888,139.0,12.0
1411814463000,41.14614918,-8.61398675,139.6999969482422,12.0
1411814464000,41.14613626,-8.61391195,140.0,12.0
1411814466000,41.14611982,-8.61381309,139.3000030517578,13.0
1411814469000,41.1460863,-8.6137209,138.8000030517578,12.0
1411814471000,41.14608058,-8.61366025,136.8000030517578,12.0
1411814479000,41.14604623,-8.61359748,137.89999389648438,14.0
1411814481000,41.14600716,-8.61353259,137.8000030517578,14.0
1411814483000,41.14596902,-8.61347753,137.6999969482422,14.0
1411814485000,41.14593437,-8.61341341,137.3000030517578,14.0
1411814487000,41.1459112,-8.61332117,137.3000030517578,14.0
1411814488000,41.1459092,-8.61325527,137.1999969482422,15.0
1411814489000,41.14591105,-8.61316488,137.10000610351563,15.0
1411814490000,41.14595714,-8.61298683,137.0,15.0
1411814491000,41.14595819,-8.61289119,137.10000610351563,14.0
1411814492000,41.14597976,-8.61283522,137.0,14.0
1411814493000,41.1459821,-8.61276315,136.89999389648438,14.0
1411814495000,41.14597319,-8.61269723,137.0,14.0
1411814499000,41.14594649,-8.6126353,137.0,20.0
1411814503000,41.14591568,-8.61259041,137.10000610351563,20.0
1411814512000,41.14586586,-8.61260138,136.8000030517578,27.0
1411814519000,41.14581205,-8.61261057,136.8000030517578,59.0
1411814524000,41.14576519,-8.61261386,136.6999969482422,51.0
1411814527000,41.14572369,-8.61255129,136.6999969482422,53.0
1411814529000,41.14570002,-8.6125004,136.6999969482422,57.0
1411814532000,41.14565629,-8.61244399,136.8000030517578,66.0
1411814535000,41.14561146,-8.61242212,136.8000030517578,73.0
1411814550000,41.14566458,-8.61244207,140.10000610351563,54.0
1411814552000,41.14586792,-8.61245169,140.3000030517578,29.0
1411814553000,41.14587011,-8.61238912,140.39999389648438,25.0
1411814555000,41.14586934,-8.61227541,141.0,15.0
1411814557000,41.14588077,-8.6121658,141.0,14.0
1411814558000,41.14589363,-8.61210606,140.89999389648438,14.0
1411814559000,41.14594068,-8.61203773,140.6999969482422,14.0
1411814560000,41.14594331,-8.61196531,140.89999389648438,14.0
1411814561000,41.14594711,-8.61190055,140.89999389648438,15.0
1411814562000,41.14594134,-8.61181236,140.8000030517578,14.0
1411814563000,41.14594502,-8.61174633,140.8000030517578,15.0
1411814565000,41.14595311,-8.61160791,140.89999389648438,16.0
1411814566000,41.14599189,-8.61150858,140.8000030517578,16.0
1411814567000,41.14601844,-8.61139402,140.6999969482422,17.0
1411814568000,41.14603682,-8.61131763,140.8000030517578,19.0
1411814570000,41.14610608,-8.61122278,141.1999969482422,18.0
1411814571000,41.14616063,-8.61110158,140.1999969482422,16.0
1411814572000,41.14621944,-8.61109133,140.5,16.0
1411814573000,41.1463259,-8.61104812,140.5,16.0
1411814574000,41.14640524,-8.6110139,140.60000610351563,16.0
1411814575000,41.14648874,-8.61099114,140.60000610351563,17.0
1411814576000,41.14657277,-8.61096516,140.6999969482422,19.0
1411814577000,41.14668011,-8.61100965,140.5,19.0
1411814578000,41.14685689,-8.61096647,140.39999389648438,19.0
1411814579000,41.14688791,-8.6109175,142.10000610351563,19.0
1411814580000,41.14695638,-8.61087587,140.10000610351563,20.0
1411814581000,41.14702327,-8.61081617,141.0,19.0
1411814582000,41.14709286,-8.61078912,140.0,19.0
1411814583000,41.1471514,-8.61077769,140.0,19.0
1411814584000,41.14723058,-8.61080018,139.3000030517578,18.0
1411814586000,41.14731371,-8.61079254,138.89999389648438,20.0
1411814588000,41.14739382,-8.61079187,138.8000030517578,20.0
1411814589000,41.14741971,-8.61084177,137.89999389648438,23.0
1411814592000,41.14749019,-8.61084377,136.39999389648438,35.0
1411814594000,41.14742176,-8.61082418,136.60000610351563,47.0
1411814596000,41.14736773,-8.61084609,137.60000610351563,68.0
1411814597000,41.14731425,-8.61089553,137.39999389648438,80.0
1411814599000,41.1474225,-8.61111668,137.89999389648438,79.0
1411814600000,41.14743974,-8.61117313,137.89999389648438,82.0
1411814600717,41.1482224,-8.6108576,0.0,30.0
1411814601000,41.1478491,-8.61122359,131.39999389648438,58.0
1411814602677,41.1482285,-8.6108536,0.0,30.0
1411814603000,41.14792058,-8.61126018,127.19999694824219,52.0
1411814605000,41.14798331,-8.6112918,126.5999984741211,64.0
1411814607000,41.14802946,-8.61134216,126.4000015258789,78.0
1411814609000,41.14805546,-8.6114047,125.4000015258789,94.0
1411814611000,41.14807537,-8.611477409999999,125.4000015258789,114.0
1411814613000,41.14809471,-8.61155433,125.5,136.0
1411814616000,41.14808984,-8.61166027,123.5,163.0
1411814618000,41.14804189,-8.61172595,123.5,183.0
1411814620000,41.14800841,-8.61178771,123.30000305175781,207.0
1411814621000,41.14797282,-8.61149517,123.69999694824219,176.0
1411814623000,41.14799016,-8.611414,123.9000015258789,172.0
1411814625000,41.14802379,-8.61107299,124.4000015258789,168.0
1411814626000,41.14795434,-8.61109529,123.19999694824219,124.0
1411814628000,41.14791713,-8.61104815,123.80000305175781,115.0
1411814630000,41.1479023,-8.61096211,124.0,113.0
1411814632000,41.14790332,-8.6108783,123.80000305175781,107.0
1411814632456,41.148129,-8.6108925,0.0,91.09200286865234
1411814633000,41.14793216,-8.61083067,123.0,94.0
1411814634000,41.1479616,-8.61078001,123.0,103.0
1411814635000,41.14826878,-8.61086302,123.80000305175781,65.0
1411814636000,41.14837007,-8.61081535,123.5,55.0
1411814637000,41.1484992,-8.61073494,123.30000305175781,50.0
1411814638000,41.14856579,-8.61067082,123.30000305175781,47.0
1411814639000,41.14861744,-8.61062537,123.19999694824219,45.0
1411814640000,41.1486705,-8.61057192,123.30000305175781,47.0
1411814641000,41.14873088,-8.61049919,123.4000015258789,50.0
1411814642000,41.14880233,-8.61043097,123.4000015258789,58.0
1411814642210,41.1488087,-8.6109296,0.0,94.5
1411814643000,41.14887755,-8.6103976,123.5,60.0
1411814644000,41.14893824,-8.6103372,123.5,70.0
1411814645000,41.14900492,-8.61024588,123.5,80.0
1411814646000,41.14906723,-8.6101887,123.5,92.0
1411814647000,41.14912709,-8.61014236,123.4000015258789,105.0
1411814648000,41.149189,-8.61008108,123.4000015258789,120.0
1411814649000,41.14925214,-8.6100049,123.4000015258789,135.0
1411814650000,41.14931274,-8.60994092,123.4000015258789,153.0
1411814651000,41.14937131,-8.60989254,123.30000305175781,171.0
1411814652000,41.14942586,-8.60982016,123.30000305175781,190.0
1411814653000,41.14948412,-8.60977439,123.30000305175781,209.0
1411814654000,41.14946749,-8.60984302,124.5,208.0
1411814656000,41.14954674,-8.60979793,124.69999694824219,238.0
1411814660000,41.15022945,-8.61004984,123.80000305175781,177.0
1411814661000,41.15029928,-8.61003651,123.9000015258789,190.0
1411814662000,41.15029735,-8.61011786,123.80000305175781,178.0
1411814664000,41.15034185,-8.61015345,124.0,181.0
1411814665000,41.15038942,-8.61017813,124.0999984741211,186.0
1411814666000,41.15043857,-8.61014958,123.80000305175781,192.0
1411814667000,41.15049414,-8.61018849,124.0,198.0
1411814668000,41.15054097,-8.61023286,124.4000015258789,198.0
1411814670000,41.15061156,-8.61020433,124.69999694824219,209.0
1411814672000,41.15058524,-8.61014438,124.9000015258789,133.0
1411814674000,41.15054088,-8.61020605,127.0999984741211,72.0
1411814677000,41.15064538,-8.6101118,127.69999694824219,48.0
1411814679000,41.15071439,-8.61003879,129.0,37.0
1411814680000,41.15079929,-8.60999274,129.8000030517578,26.0
1411814681000,41.15087807,-8.60994772,130.10000610351563,22.0
1411814682000,41.15094945,-8.60991845,130.5,19.0
1411814683000,41.15099585,-8.60988344,130.8000030517578,16.0
1411814684000,41.15104832,-8.60986755,131.5,14.0
1411814685000,41.15109159,-8.60984808,131.6999969482422,14.0
1411814686000,41.15114866,-8.6098373,132.60000610351563,13.0
1411814687000,41.15120314,-8.60980864,132.60000610351563,13.0
1411814689000,41.15132829,-8.60976736,132.6999969482422,13.0
1411814690000,41.15138403,-8.6097073,132.8000030517578,14.0
1411814692000,41.15142391,-8.60960855,133.1999969482422,13.0
1411814694000,41.1515183,-8.60958243,133.89999389648438,12.0
1411814696000,41.15156424,-8.6095452,134.3000030517578,13.0
1411814698000,41.15164003,-8.60954955,131.6999969482422,12.0
1411814700000,41.15166161,-8.60960368,133.60000610351563,12.0
1411814702000,41.15169897,-8.60969208,135.1999969482422,12.0
1411814704000,41.15175969,-8.60975727,134.6999969482422,12.0
1411814706000,41.15179618,-8.60980783,137.10000610351563,13.0
1411814721000,41.15184596,-8.60987277,141.5,13.0
1411814722000,41.15187916,-8.60992927,142.3000030517578,13.0
1411814723000,41.15191821,-8.60997559,142.60000610351563,13.0
1411814724000,41.15196085,-8.61001368,142.1999969482422,13.0
1411814725000,41.15200728,-8.61004673,140.89999389648438,13.0
1411814726000,41.15205986,-8.61007466,140.89999389648438,13.0
1411814727000,41.1521681,-8.61005858,140.0,13.0
1411814729000,41.15222822,-8.61009153,139.39999389648438,12.0
1411814730000,41.1523002,-8.61007166,141.0,12.0
1411814731000,41.1523527,-8.61008453,139.89999389648438,12.0
1411814732000,41.15240554,-8.61009438,139.1999969482422,12.0
1411814733000,41.15245838,-8.61010051,139.1999969482422,12.0
1411814734000,41.15252312,-8.61010225,140.10000610351563,12.0
1411814735000,41.15257433,-8.61011262,140.60000610351563,12.0
1411814736000,41.15263748,-8.61012895,141.0,13.0
1411814737000,41.1527794,-8.61008837,140.89999389648438,12.0
1411814738000,41.1528718,-8.61008888,140.3000030517578,12.0
1411814739000,41.1529644,-8.61008495,139.6999969482422,12.0
1411814740000,41.15306371,-8.61008228,139.89999389648438,12.0
1411814741000,41.15318953,-8.61007204,139.5,12.0
1411814742000,41.15329486,-8.61007022,139.8000030517578,13.0
1411814743000,41.15341143,-8.61006446,139.3000030517578,13.0
1411814744000,41.1535123,-8.61003949,141.0,13.0
1411814745000,41.15360268,-8.610042,141.60000610351563,14.0
1411814746000,41.15370752,-8.61002709,142.3000030517578,14.0
1411814747000,41.1537997,-8.61001334,142.5,14.0
1411814748000,41.15390656,-8.61000931,142.3000030517578,15.0
1411814749000,41.15399449,-8.6099886,144.0,16.0
1411814750000,41.15411504,-8.60994996,143.89999389648438,16.0
1411814751000,41.15420721,-8.60993167,143.6999969482422,19.0
1411814752000,41.15430708,-8.60991246,143.89999389648438,21.0
1411814753000,41.1544192,-8.6098722,145.0,23.0
1411814754000,41.15453266,-8.60980893,145.1999969482422,25.0
1411814755000,41.15463712,-8.60977104,145.3000030517578,29.0
1411814756000,41.15474623,-8.6097166,145.39999389648438,33.0
1411814757000,41.15485072,-8.60967409,145.5,38.0
1411814758000,41.1549596,-8.60964354,145.60000610351563,38.0
1411814759000,41.15507918,-8.60960779,146.10000610351563,43.0
1411814760000,41.15516131,-8.60959357,145.89999389648438,48.0
1411814761000,41.15526033,-8.60958637,145.89999389648438,49.0
1411814762000,41.15536604,-8.60955974,146.0,59.0
1411814763000,41.1554667,-8.60952678,146.10000610351563,70.0
1411814764000,41.15556663,-8.60948993,146.3000030517578,83.0
1411814765000,41.15566451,-8.60947663,146.3000030517578,96.0
1411814766000,41.15575852,-8.60948158,147.0,107.0
1411814767000,41.15585831,-8.60942544,147.5,122.0
1411814768000,41.15593485,-8.60940861,147.5,134.0
1411814769000,41.15626126,-8.60946284,147.5,128.0
1411814770000,41.15634954,-8.60943252,147.8000030517578,131.0
1411814771000,41.15645241,-8.6094206,147.89999389648438,135.0
1411814772000,41.15656864,-8.60944467,148.0,137.0
1411814773000,41.15664855,-8.60944428,148.1999969482422,138.0
1411814775000,41.15672834,-8.60947591,148.1999969482422,140.0
1411814777000,41.15678644,-8.60943273,147.89999389648438,124.0
1411814779000,41.1568736,-8.60938891,147.6999969482422,104.0
1411814780000,41.15694719,-8.60940342,147.89999389648438,99.0
1411814781000,41.15702043,-8.60940615,147.89999389648438,107.0
1411814782000,41.15707711,-8.60939656,147.60000610351563,116.0
1411814783000,41.15714128,-8.60940163,147.6999969482422,125.0
1411814785000,41.15726711,-8.60940628,147.89999389648438,138.0
1411814787000,41.15716413,-8.60937888,148.1999969482422,108.0
1411814788000,41.15706874,-8.60938655,148.5,89.0
1411814789000,41.15712559,-8.60939487,148.60000610351563,94.0
1411814790000,41.15723276,-8.60939491,148.60000610351563,94.0
1411814792000,41.15733107,-8.60936229,148.60000610351563,94.0
1411814793000,41.1574122,-8.60933331,148.5,96.0
1411814794000,41.15749798,-8.60930431,148.8000030517578,86.0
1411814795000,41.15762937,-8.6092077,149.1999969482422,62.0
1411814796000,41.15772363,-8.60919025,149.0,54.0
1411814797000,41.15779894,-8.60919322,148.89999389648438,46.0
1411814798000,41.15788175,-8.60918927,149.0,42.0
1411814799000,41.15794878,-8.60920261,149.1999969482422,37.0
1411814800000,41.15805591,-8.60915016,149.0,36.0
1411814801000,41.15816222,-8.60911965,149.10000610351563,38.0
1411814802000,41.15826486,-8.60908046,149.6999969482422,40.0
1411814803000,41.15836093,-8.60906311,149.6999969482422,42.0
1411814804000,41.15847866,-8.60896359,150.5,44.0
1411814805000,41.15855242,-8.60895523,150.89999389648438,48.0
1411814806000,41.15864263,-8.60892818,151.0,50.0
1411814807000,41.15874163,-8.60889076,151.10000610351563,52.0
1411814808000,41.15881771,-8.60888147,150.89999389648438,53.0
1411814809000,41.15884034,-8.60881688,150.8000030517578,46.0
1411814810000,41.15892234,-8.60878618,150.8000030517578,43.0
1411814811000,41.15900791,-8.60876012,150.89999389648438,45.0
1411814812000,41.15907995,-8.60874374,151.0,46.0
1411814813000,41.15914774,-8.60875357,151.0,43.0
1411814814000,41.15916362,-8.60869561,150.89999389648438,39.0
1411814816000,41.1592681,-8.60872878,151.10000610351563,42.0
1411814817000,41.15940794,-8.6085963,152.5,38.0
1411814818000,41.15949786,-8.60858536,152.6999969482422,37.0
1411814819000,41.15957677,-8.60853033,152.5,36.0
1411814820000,41.15970403,-8.60843482,153.39999389648438,38.0
1411814821000,41.15977291,-8.60838546,153.39999389648438,42.0
1411814822000,41.15992879,-8.60835097,154.1999969482422,44.0
1411814823000,41.16005733,-8.6083109,154.0,51.0
1411814824000,41.1601321,-8.60827732,154.0,58.0
1411814825000,41.1602701,-8.60826548,154.1999969482422,63.0
1411814826000,41.16033899,-8.60822276,154.5,64.0
1411814827000,41.16043833,-8.6081909,154.6999969482422,67.0
1411814828000,41.16046325,-8.60810589,154.6999969482422,57.0
1411814829000,41.16056852,-8.60806257,154.8000030517578,57.0
1411814830000,41.16067826,-8.60801629,154.8000030517578,58.0
1411814831000,41.1607774,-8.607976559999999,154.6999969482422,60.0
1411814832000,41.16088291,-8.6079395,154.6999969482422,63.0
1411814833000,41.16098119,-8.6079044,154.6999969482422,67.0
1411814834000,41.16107932,-8.60786937,154.8000030517578,71.0
1411814864000,41.16457537,-8.60613275,155.1999969482422,47.0
1411814869000,41.16467615,-8.60607954,158.39999389648438,36.0
1411814870000,41.16472223,-8.60605939,158.5,40.0
1411814871000,41.16478186,-8.60603805,159.0,38.0
1411814872000,41.16485268,-8.60599517,159.5,36.0
1411814873000,41.16492859,-8.60596135,159.5,37.0
1411814874000,41.16501417,-8.60597606,159.5,38.0
1411814876000,41.1652341,-8.60607996,158.60000610351563,28.0
1411814877000,41.16525072,-8.60614885,157.1999969482422,25.0
1411814878000,41.16531628,-8.60618051,157.10000610351563,23.0
1411814879000,41.16545905,-8.60619605,157.89999389648438,25.0
1411814880000,41.16553859,-8.60621025,157.60000610351563,25.0
1411814881000,41.16562111,-8.6062179,158.0,22.0
1411814882000,41.16579904,-8.60625712,159.10000610351563,20.0
1411814883000,41.16585602,-8.60628185,166.39999389648438,18.0
1411814884000,41.1657662,-8.60633104,181.3000030517578,13.0
1411814885000,41.16583374,-8.60635299,186.10000610351563,9.0
1411814886000,41.165929,-8.60636905,186.10000610351563,9.0
1411814887000,41.16603937,-8.60637791,188.60000610351563,10.0
1411814888000,41.16616256,-8.60636254,189.8000030517578,11.0
1411814889000,41.16627607,-8.60636969,191.10000610351563,11.0
1411814890000,41.16637385,-8.60638575,190.0,11.0
1411814891000,41.16649018,-8.6064071,190.1999969482422,12.0
1411814892000,41.16662006,-8.60642805,190.5,12.0
1411814893000,41.16672053,-8.60639293,191.3000030517578,14.0
1411814894000,41.16684807,-8.60640249,191.10000610351563,15.0
1411814895000,41.16697481,-8.60638275,192.1999969482422,16.0
1411814896000,41.16710267,-8.60637493,193.1999969482422,19.0
1411814897000,41.16722222,-8.60637742,192.8000030517578,22.0
1411814898000,41.1673453,-8.60639248,192.89999389648438,25.0
1411814899000,41.16749111,-8.60643495,193.6999969482422,31.0
1411814900000,41.1676252,-8.60642708,194.1999969482422,30.0
1411814901000,41.16780203,-8.60643864,194.5,25.0
1411814902000,41.16794484,-8.60641808,194.6999969482422,27.0
1411814903000,41.16807692,-8.60642836,195.10000610351563,25.0
1411814904000,41.16819746,-8.60645078,195.3000030517578,24.0
1411814905000,41.16832677,-8.60646155,195.3000030517578,22.0
1411814906000,41.16845613,-8.60646915,195.39999389648438,22.0
1411814907000,41.16857956,-8.60647155,195.5,20.0
1411814908000,41.16852459,-8.60639855,194.6999969482422,17.0
1411814909000,41.16866524,-8.60638647,194.5,18.0
1411814910000,41.16878584,-8.60638946,194.6999969482422,19.0
1411814911000,41.1688635,-8.60635991,195.1999969482422,19.0
1411814912000,41.16896717,-8.60634298,195.1999969482422,19.0
1411814913000,41.16908455,-8.60629892,195.3000030517578,18.0
1411814914000,41.16917651,-8.60620231,195.39999389648438,17.0
1411814915000,41.16926189,-8.60608152,194.89999389648438,15.0
1411814916000,41.16937957,-8.6060039,194.8000030517578,14.0
1411814917000,41.16949533,-8.60594081,194.89999389648438,14.0
1411814918000,41.16960889,-8.60584416,195.0,14.0
1411814919000,41.16972836,-8.60573607,194.5,13.0
1411814920000,41.16982603,-8.60567225,194.89999389648438,13.0
1411814921000,41.16992068,-8.60560279,194.5,13.0
1411814922000,41.1700171,-8.60551532,194.39999389648438,13.0
1411814923000,41.17008533,-8.60545469,194.3000030517578,12.0
1411814924000,41.17019038,-8.60538758,194.10000610351563,12.0
1411814925000,41.17024855,-8.60532857,192.3000030517578,11.0
1411814926000,41.17032168,-8.60526094,192.6999969482422,11.0
1411814927000,41.17038724,-8.6051977,194.8000030517578,11.0
1411814928000,41.17045822,-8.60515095,192.39999389648438,10.0
1411814929000,41.17052751,-8.60509397,189.89999389648438,10.0
1411814930000,41.17064271,-8.60503526,188.89999389648438,10.0
1411814931000,41.17073492,-8.60498099,188.60000610351563,10.0
1411814932000,41.17083981,-8.60491057,189.10000610351563,10.0
1411814933000,41.17092321,-8.6048219,189.89999389648438,10.0
1411814934000,41.17098618,-8.60474953,189.39999389648438,10.0
1411814935000,41.171074,-8.60467616,187.5,10.0
1411814936000,41.17119681,-8.60458898,184.3000030517578,11.0
1411814937000,41.17131253,-8.60449206,182.60000610351563,10.0
1411814938000,41.17143023,-8.60440489,181.10000610351563,10.0
1411814939000,41.17153851,-8.60431314,180.89999389648438,10.0
1411814940000,41.17164199,-8.60424108,180.1999969482422,10.0
1411814941000,41.17175033,-8.60416855,180.0,10.0
1411814942000,41.17187694,-8.60415245,179.3000030517578,10.0
1411814943000,41.17199993,-8.60415438,177.8000030517578,10.0
1411814944000,41.1720993,-8.6041696,176.39999389648438,10.0
1411814945000,41.1722139,-8.60420387,175.3000030517578,10.0
1411814946000,41.17232906,-8.60426533,175.0,10.0
1411814947000,41.17242871,-8.60434259,173.60000610351563,10.0
1411814948000,41.17252008,-8.60443303,174.5,10.0
1411814949000,41.17260982,-8.6045469,173.39999389648438,10.0
1411814950000,41.17268338,-8.60465111,173.8000030517578,11.0
1411814951000,41.17274625,-8.60476697,174.3000030517578,10.0
1411814952000,41.17281397,-8.6048792,174.39999389648438,11.0
1411814953000,41.17288027,-8.60498884,174.1999969482422,12.0
1411814954000,41.17293037,-8.60510236,174.10000610351563,12.0
1411814955000,41.17293923,-8.60525088,175.1999969482422,12.0
1411814956000,41.17296668,-8.60537155,175.3000030517578,11.0
1411814957000,41.1730056,-8.60546734,175.39999389648438,12.0
1411814958000,41.1730574,-8.60553914,175.5,12.0
1411814960000,41.17309601,-8.60558697,175.1999969482422,11.0
1411814962000,41.17315512,-8.60561831,174.5,11.0
1411814964000,41.17320863,-8.60563727,175.1999969482422,12.0
1411814966000,41.17326355,-8.6056555,175.3000030517578,13.0
1411814993000,41.17321586,-8.60567222,181.5,12.0
1411814996000,41.17316614,-8.60566964,183.6999969482422,12.0
1411814999000,41.17310816,-8.60567743,187.8000030517578,11.0
1411815003000,41.17318011,-8.60572472,188.1999969482422,11.0
1411815004000,41.17323426,-8.60574233,187.89999389648438,11.0
1411815005000,41.17329214,-8.60576207,187.39999389648438,11.0
1411815006000,41.17334484,-8.60577991,189.0,11.0
1411815007000,41.17339878,-8.60578503,187.89999389648438,11.0
1411815008000,41.17344674,-8.60576447,187.60000610351563,10.0
1411815009000,41.17348043,-8.60570912,186.0,10.0
1411815010000,41.17349911,-8.60556334,186.0,11.0
1411815011000,41.17351365,-8.60548333,186.1999969482422,11.0
1411815012000,41.17351211,-8.60540102,186.39999389648438,11.0
1411815013000,41.1735189,-8.60531564,186.5,12.0
1411815014000,41.17352489,-8.60523193,186.5,12.0
1411815015000,41.17352125,-8.60510887,186.39999389648438,12.0
1411815016000,41.17356378,-8.60495496,186.1999969482422,13.0
1411815017000,41.17359241,-8.60482913,185.89999389648438,13.0
1411815018000,41.17362697,-8.6046882,185.6999969482422,14.0
1411815019000,41.17365764,-8.60454927,185.6999969482422,14.0
1411815020000,41.17359142,-8.60433092,185.0,13.0
1411815021000,41.17352155,-8.60410477,184.6999969482422,13.0
1411815022000,41.17352551,-8.60392576,184.60000610351563,13.0
1411815023000,41.17353557,-8.60375377,184.6999969482422,13.0
1411815024000,41.1735349,-8.60358476,185.0,13.0
1411815025000,41.1735443,-8.60340938,185.0,14.0
1411815026000,41.17354739,-8.6032425,184.89999389648438,14.0
1411815027000,41.17353996,-8.60309238,184.89999389648438,14.0
1411815028000,41.17354353,-8.60293324,184.89999389648438,15.0
1411815029000,41.17354884,-8.6027538,184.8000030517578,15.0
1411815030000,41.17356278,-8.60262057,184.8000030517578,15.0
1411815031000,41.17356036,-8.60246969,184.8000030517578,14.0
1411815032000,41.17356533,-8.60234274,184.60000610351563,14.0
1411815033000,41.17357272,-8.60217718,184.60000610351563,13.0
1411815034000,41.17359934,-8.60201037,184.39999389648438,13.0
1411815035000,41.17356831,-8.60184609,184.5,12.0
1411815036000,41.17357641,-8.60172164,183.60000610351563,12.0
1411815037000,41.1735918,-8.60156461,183.60000610351563,12.0
1411815038000,41.17360228,-8.60142202,183.6999969482422,12.0
1411815039000,41.17363175,-8.60127658,183.5,12.0
1411815040000,41.17371863,-8.60114715,179.1999969482422,12.0
1411815041000,41.17376725,-8.60098854,180.60000610351563,12.0
1411815042000,41.17384535,-8.60085677,178.89999389648438,12.0
1411815043000,41.17390328,-8.60076415,179.5,11.0
1411815044000,41.17396229,-8.60067194,179.5,11.0
1411815045000,41.17402114,-8.60057688,179.1999969482422,11.0
1411815046000,41.17408155,-8.6004873,178.1999969482422,11.0
1411815047000,41.17412755,-8.60045185,177.3000030517578,10.0
1411815048000,41.17417939,-8.60039647,176.89999389648438,10.0
1411815049000,41.17423548,-8.60032148,176.6999969482422,11.0
1411815050000,41.17428338,-8.60026586,174.89999389648438,11.0
1411815051000,41.17433691,-8.60019112,176.8000030517578,11.0
1411815052000,41.17437748,-8.60011378,178.3000030517578,11.0
1411815053000,41.17441581,-8.60007111,177.8000030517578,11.0
1411815054000,41.17445441,-8.60001464,177.89999389648438,11.0
1411815055000,41.17450688,-8.5999604,178.39999389648438,11.0
1411815056000,41.1745468,-8.59992029,178.3000030517578,11.0
1411815057000,41.17462097,-8.59989111,177.60000610351563,11.0
1411815058000,41.17470045,-8.59987085,177.89999389648438,11.0
1411815059000,41.17476832,-8.59988166,176.6999969482422,11.0
1411815060000,41.17482802,-8.59989893,177.1999969482422,11.0
1411815061000,41.17490355,-8.59992306,177.6999969482422,11.0
1411815062000,41.17499185,-8.59996795,178.60000610351563,11.0
1411815063000,41.17508804,-8.60001724,178.0,11.0
1411815064000,41.17517867,-8.60006588,178.6999969482422,11.0
1411815065000,41.17525838,-8.60009319,178.6999969482422,11.0
1411815066000,41.17533808,-8.60013303,178.60000610351563,12.0
1411815067000,41.1754567,-8.60015897,179.0,11.0
1411815068000,41.17557026,-8.60018382,179.1999969482422,11.0
1411815069000,41.17571096,-8.60016708,178.60000610351563,10.0
1411815070000,41.17583622,-8.60016291,178.0,10.0
1411815071000,41.1759485,-8.60014786,177.6999969482422,10.0
1411815072000,41.17606069,-8.60012488,177.8000030517578,11.0
1411815073000,41.17617376,-8.60008496,177.1999969482422,10.0
1411815074000,41.17628532,-8.60005514,177.1999969482422,11.0
1411815075000,41.1763658,-8.600018,176.89999389648438,11.0
1411815076000,41.17645463,-8.59996764,177.1999969482422,11.0
1411815077000,41.17654064,-8.59993832,176.89999389648438,10.0
1411815078000,41.17665502,-8.59990191,176.10000610351563,11.0
1411815079000,41.17672028,-8.59984908,176.60000610351563,10.0
1411815080000,41.17682603,-8.59979242,175.60000610351563,11.0
1411815081000,41.17691217,-8.59974669,174.8000030517578,10.0
1411815082000,41.17697447,-8.59972856,174.8000030517578,10.0
1411815083000,41.17702596,-8.59971486,174.5,11.0
1411815084000,41.17709317,-8.5996952,174.3000030517578,11.0
1411815085000,41.1771523,-8.59965757,174.5,11.0
1411815086000,41.17721442,-8.59961414,174.89999389648438,11.0
1411815087000,41.17726546,-8.59958344,174.8000030517578,10.0
1411815088000,41.17731524,-8.59955984,174.39999389648438,11.0
1411815091000,41.17737348,-8.59953452,173.6999969482422,10.0
1411815093000,41.17742149,-8.59949599,173.5,10.0
1411815094000,41.1774661,-8.5994724,172.1999969482422,10.0
1411815096000,41.17753594,-8.59942732,171.8000030517578,10.0
1411815097000,41.17758028,-8.59939687,171.0,10.0
1411815098000,41.17763118,-8.59937003,171.5,10.0
1411815100000,41.17769575,-8.59934918,170.10000610351563,10.0
1411815102000,41.17776347,-8.59930443,169.60000610351563,10.0
1411815103000,41.17778846,-8.59925113,169.1999969482422,10.0
1411815105000,41.17777947,-8.59912821,169.8000030517578,10.0
1411815106000,41.17776543,-8.59904933,170.39999389648438,10.0
1411815107000,41.17774847,-8.59897419,171.39999389648438,10.0
1411815108000,41.17772978,-8.59889429,171.8000030517578,10.0
1411815109000,41.17770435,-8.59881738,172.8000030517578,10.0
1411815110000,41.17768702,-8.59873017,173.60000610351563,10.0
1411815111000,41.1776839,-8.59863693,174.8000030517578,10.0
1411815112000,41.17769516,-8.59856685,174.60000610351563,10.0
1411815113000,41.1777265,-8.59852281,175.5,10.0
1411815115000,41.17780808,-8.59847035,176.10000610351563,10.0
1411815116000,41.17786326,-8.59844342,175.89999389648438,10.0
1411815117000,41.17791223,-8.59841005,175.1999969482422,11.0
1411815118000,41.17796635,-8.59837762,176.1999969482422,11.0
1411815119000,41.17802721,-8.59834035,175.3000030517578,12.0
1411815120000,41.17808928,-8.59829428,175.39999389648438,12.0
1411815120880,41.1779809,-8.5982454,0.0,40.5
1411815121000,41.17817401,-8.59830675,176.5,10.0
1411815122000,41.17824255,-8.59828597,176.3000030517578,10.0
1411815123000,41.17831965,-8.59825562,175.10000610351563,10.0
1411815124000,41.17839182,-8.59823145,174.6999969482422,10.0
1411815125000,41.1784639,-8.59818964,174.3000030517578,11.0
1411815126000,41.17852681,-8.59814575,174.8000030517578,11.0
1411815127000,41.17856743,-8.59804365,172.89999389648438,10.0
1411815128000,41.17857528,-8.59796579,173.3000030517578,10.0
1411815129000,41.17857634,-8.59787594,173.0,11.0
1411815130000,41.17857076,-8.59778806,172.6999969482422,11.0
1411815131000,41.17856659,-8.59769582,172.89999389648438,11.0
1411815132000,41.17856231,-8.59761551,172.39999389648438,11.0
1411815133000,41.17856458,-8.59752889,172.39999389648438,11.0
1411815134000,41.1785573,-8.59745734,172.1999969482422,11.0
1411815136000,41.17854484,-8.59733602,172.10000610351563,12.0
1411815138616,41.178235,-8.5981038,0.0,69.28900146484375
1411815139000,41.17852554,-8.59727027,172.3000030517578,13.0
1411815140000,41.17853193,-8.59720806,172.39999389648438,13.0
1411815141000,41.17850839,-8.5971304,172.1999969482422,12.0
1411815143000,41.17849235,-8.59701093,172.5,13.0
1411815144000,41.1784832,-8.59694953,172.5,13.0
1411815146000,41.17849855,-8.59683922,172.6999969482422,13.0
1411815147000,41.17852108,-8.59677707,173.0,12.0
1411815149000,41.17854818,-8.59664877,172.60000610351563,12.0
1411815150000,41.17855998,-8.59658024,172.60000610351563,12.0
1411815151000,41.17855347,-8.59650441,172.60000610351563,12.0
1411815152000,41.17854809,-8.59643394,172.5,12.0
1411815154000,41.17852841,-8.5963254,172.8000030517578,11.0
1411815156000,41.17849918,-8.59622381,172.6999969482422,12.0
1411815157000,41.17848899,-8.59616112,172.6999969482422,11.0
1411815159000,41.17845343,-8.59605551,172.60000610351563,12.0
1411815160000,41.17850347,-8.59596861,172.5,12.0
1411815161000,41.17851699,-8.5959094,172.5,12.0
1411815163000,41.17853142,-8.59579899,172.5,13.0
1411815165000,41.17854476,-8.59570766,172.60000610351563,14.0
1411815172000,41.17849266,-8.59572749,173.0,15.0
1411815176000,41.17847534,-8.59565193,173.3000030517578,13.0
1411815178000,41.17846948,-8.5955657,173.3000030517578,12.0
1411815180000,41.17848037,-8.59548848,172.89999389648438,13.0
1411815182000,41.17849508,-8.59541429,172.8000030517578,13.0
1411815183974,41.1783981,-8.5955913,0.0,110.89299774169922
1411815184000,41.17851506,-8.59534548,173.10000610351563,13.0
1411815186000,41.17850844,-8.59528314,172.39999389648438,13.0
1411815189000,41.17845842,-8.59528451,177.10000610351563,13.0
1411815192000,41.17842997,-8.59533409,176.8000030517578,12.0
1411815199803,41.1784887,-8.5951347,0.0,46.244998931884766
1411815200000,41.17845973,-8.59527453,176.39999389648438,11.0
1411815203000,41.17846287,-8.59520717,176.8000030517578,11.0
1411815209641,41.1784687,-8.5951344,0.0,46.30099868774414
1411815210000,41.17843041,-8.59516484,178.39999389648438,10.0
1411815227638,41.1784599,-8.5951601,0.0,44.551998138427734
1411815247674,41.1784681,-8.595168,0.0,43.9630012512207
1411815267684,41.1784721,-8.595125,0.0,46.94499969482422
1411815288349,41.1784688,-8.5951447,0.0,45.58300018310547
1411815307683,41.1784841,-8.5951242,0.0,46.979000091552734
1411815327749,41.1784686,-8.5951768,0.0,43.3489990234375
1411815347660,41.1784813,-8.5951103,0.0,47.95000076293945
1411815367737,41.1784723,-8.5951179,0.0,47.43899917602539
1411815387814,41.1784932,-8.5951475,0.0,45.35599899291992
1411815407723,41.1784759,-8.5951546,0.0,44.87200164794922
1411815427758,41.1784742,-8.595161,0.0,44.430999755859375
1411815447760,41.1784691,-8.5951603,0.0,44.49599838256836
1411815467824,41.1784701,-8.5951556,0.0,52.737998962402344
