1411812380975,41.1779392,-8.5985796,0.0,42.0
1411812391662,41.1779539,-8.59850033,180.3000030517578,32.0
1411812396000,41.177869,-8.59845923,189.5,52.0
1411812397000,41.17775575,-8.59842856,196.3000030517578,40.0
1411812398000,41.1778201,-8.59837226,197.89999389648438,10.0
1411812400985,41.1778956,-8.5984639,0.0,40.5
1411812420984,41.1779021,-8.598454,0.0,45.0
1411812428000,41.17774982,-8.59834653,196.89999389648438,6.0
1411812429000,41.17773291,-8.59840954,195.8000030517578,6.0
1411812432000,41.1777778,-8.59845076,195.39999389648438,5.0
1411812441000,41.17773771,-8.59850581,181.89999389648438,4.0
1411812444000,41.17769309,-8.59853123,180.3000030517578,4.0
1411812447000,41.17769607,-8.5985977,180.0,4.0
1411812449000,41.1777261,-8.59864686,179.0,4.0
1411812451114,41.1772327,-8.5997413,0.0,34.5
1411812451000,41.17776485,-8.59872775,177.8000030517578,4.0
1411812453000,41.17780535,-8.59882444,177.8000030517578,4.0
1411812455000,41.17784889,-8.59892881,178.0,4.0
1411812456000,41.17788236,-8.59904822,178.3000030517578,10.0
1411812457000,41.17789571,-8.59911322,178.60000610351563,10.0
1411812458000,41.17791313,-8.59916817,178.5,10.0
1411812459000,41.17789852,-8.59923654,178.10000610351563,11.0
1411812461000,41.17779597,-8.59929424,178.0,10.0
1411812462000,41.17772698,-8.59932593,177.8000030517578,10.0
1411812463000,41.17767285,-8.59936948,177.39999389648438,10.0
1411812464000,41.17762115,-8.59940047,177.5,10.0
1411812465000,41.17757098,-8.59943934,177.3000030517578,10.0
1411812466000,41.17748008,-8.5994793,178.0,10.0
1411812467000,41.17739602,-8.5995306,177.5,10.0
1411812468000,41.1773064,-8.59955441,177.89999389648438,10.0
1411812469000,41.17720771,-8.59960467,177.3000030517578,10.0
1411812470000,41.17711641,-8.59965016,177.60000610351563,11.0
1411812471000,41.17703409,-8.59967934,178.6999969482422,11.0
1411812472000,41.17692963,-8.599766989999999,177.6999969482422,10.0
1411812473000,41.17684473,-8.5998137,177.6999969482422,11.0
1411812474000,41.17675865,-8.599857,177.3000030517578,10.0
1411812475000,41.17667146,-8.59989393,176.8000030517578,10.0
1411812476000,41.17659085,-8.59994281,176.6999969482422,10.0
1411812477000,41.17651093,-8.59998281,176.6999969482422,10.0
1411812478000,41.17642528,-8.60000212,177.3000030517578,10.0
1411812479000,41.17635876,-8.60006206,177.60000610351563,10.0
1411812480000,41.17627574,-8.60011609,177.8000030517578,10.0
1411812481000,41.17618766,-8.6001542,177.1999969482422,11.0
1411812482000,41.17611662,-8.60018614,177.5,10.0
1411812483000,41.17601702,-8.60018586,177.1999969482422,10.0
1411812484000,41.17593199,-8.60021335,176.10000610351563,10.0
1411812485000,41.17583869,-8.60022329,176.3000030517578,11.0
1411812486000,41.1757406,-8.600258029999999,175.6999969482422,11.0
1411812487000,41.17567673,-8.60022524,175.60000610351563,11.0
1411812488000,41.17559147,-8.60020779,175.8000030517578,11.0
1411812489000,41.17551254,-8.60017537,176.0,11.0
1411812490000,41.17543048,-8.60014165,175.60000610351563,11.0
1411812491000,41.17533669,-8.60010342,177.10000610351563,11.0
1411812492000,41.17524648,-8.60008178,175.89999389648438,12.0
1411812493000,41.17515474,-8.60004775,176.0,12.0
1411812494000,41.17510301,-8.599998,175.3000030517578,11.0
1411812495000,41.17504809,-8.59996301,174.8000030517578,12.0
1411812497000,41.17500331,-8.59991569,175.10000610351563,11.0
1411812499000,41.17494406,-8.59990984,174.3000030517578,12.0
1411812509000,41.17491197,-8.59986652,175.89999389648438,12.0
1411812534000,41.17484766,-8.59984706,178.60000610351563,12.0
1411812536000,41.174786,-8.5997706,178.60000610351563,12.0
1411812537000,41.1747164,-8.59970975,179.10000610351563,12.0
1411812538000,41.1745564,-8.59962473,179.10000610351563,13.0
1411812539000,41.17446233,-8.59956954,178.60000610351563,13.0
1411812540000,41.17438018,-8.59956143,179.5,14.0
1411812541000,41.17431671,-8.59946303,178.6999969482422,15.0
1411812542000,41.17415704,-8.59937303,178.6999969482422,14.0
1411812543000,41.17405695,-8.59933814,178.60000610351563,14.0
1411812544000,41.17398886,-8.59929693,178.60000610351563,15.0
1411812545000,41.17388836,-8.5992687,179.1999969482422,15.0
1411812546000,41.17380096,-8.59912854,180.5,16.0
1411812547000,41.17362119,-8.59903944,181.3000030517578,15.0
1411812548000,41.17352866,-8.59901122,180.1999969482422,15.0
1411812549000,41.17337451,-8.59894824,181.0,13.0
1411812550000,41.17324567,-8.59886881,180.5,13.0
1411812551000,41.17312428,-8.59880452,180.5,13.0
1411812552000,41.17294479,-8.59874346,183.60000610351563,12.0
1411812553000,41.17284353,-8.59868475,182.60000610351563,13.0
1411812554000,41.17275337,-8.59862234,182.1999969482422,13.0
1411812555000,41.17265414,-8.59854495,182.1999969482422,13.0
1411812556000,41.17254823,-8.5984769,182.0,13.0
1411812557000,41.17243137,-8.5984067,181.1999969482422,13.0
1411812558000,41.17232749,-8.59835823,181.39999389648438,12.0
1411812559000,41.17222496,-8.59829964,181.89999389648438,11.0
1411812560000,41.17213061,-8.59823779,182.3000030517578,12.0
1411812561000,41.17202024,-8.59818103,183.10000610351563,12.0
1411812562000,41.17192943,-8.59811901,183.89999389648438,12.0
1411812563000,41.17183127,-8.59806044,183.8000030517578,12.0
1411812564000,41.17176265,-8.59798544,184.89999389648438,13.0
1411812565000,41.17165214,-8.59792701,183.8000030517578,13.0
1411812566000,41.17153029,-8.59784627,183.0,13.0
1411812567000,41.17146853,-8.5977889,182.8000030517578,13.0
1411812568000,41.17135708,-8.5977173,184.0,13.0
1411812569000,41.17123368,-8.59768071,184.60000610351563,13.0
1411812570000,41.17113397,-8.59767816,183.6999969482422,13.0
1411812571000,41.17104302,-8.59764809,183.8000030517578,14.0
1411812572000,41.1709174,-8.59758528,184.0,14.0
1411812573000,41.17082918,-8.59756957,183.6999969482422,14.0
1411812574000,41.17077724,-8.59755744,185.0,14.0
1411812575000,41.17063601,-8.5975025,185.0,12.0
1411812576000,41.17056882,-8.59749327,186.10000610351563,12.0
1411812577000,41.17042912,-8.59745325,188.1999969482422,12.0
1411812578000,41.17028002,-8.59742346,189.60000610351563,12.0
1411812579000,41.17018268,-8.59739315,189.60000610351563,12.0
1411812580000,41.17011262,-8.59738622,189.89999389648438,12.0
1411812581000,41.16999737,-8.59736721,190.5,12.0
1411812582000,41.16990526,-8.59735337,190.5,12.0
1411812585000,41.16983592,-8.59736529,191.39999389648438,11.0
1411812590000,41.16978933,-8.59737192,190.39999389648438,12.0
1411812593000,41.16972189,-8.59735866,189.5,11.0
1411812595000,41.1696454,-8.597367,189.6999969482422,11.0
1411812597000,41.16958448,-8.59737719,188.60000610351563,11.0
1411812599000,41.16952531,-8.59737754,189.10000610351563,11.0
1411812601000,41.16947078,-8.59738155,188.0,11.0
1411812603000,41.16941,-8.59738014,187.60000610351563,11.0
1411812605000,41.16935426,-8.59737463,188.0,12.0
1411812607000,41.16930304,-8.59739038,188.10000610351563,13.0
1411812617000,41.16934982,-8.59736724,191.3000030517578,10.0
1411813041000,41.16930858,-8.59739441,196.60000610351563,10.0
1411813043000,41.16921959,-8.59739136,197.8000030517578,10.0
1411813044000,41.1690752,-8.5973836,199.10000610351563,10.0
1411813045000,41.16901245,-8.5973809,198.1999969482422,10.0
1411813046000,41.16894936,-8.59740649,196.89999389648438,10.0
1411813047000,41.16887478,-8.59742164,197.10000610351563,11.0
1411813048000,41.16880771,-8.59743085,197.10000610351563,11.0
1411813049000,41.16875539,-8.59745177,196.39999389648438,11.0
1411813050000,41.16869637,-8.59747532,196.10000610351563,11.0
1411813051000,41.16863187,-8.59749947,195.8000030517578,11.0
1411813052000,41.16858009,-8.59751172,195.8000030517578,11.0
1411813053000,41.1685109,-8.59754855,195.8000030517578,11.0
1411813054000,41.16845325,-8.59758511,196.8000030517578,11.0
1411813055000,41.16838611,-8.59761973,194.10000610351563,11.0
1411813056000,41.16831199,-8.59765611,191.8000030517578,11.0
1411813057000,41.16822065,-8.59769346,192.0,11.0
1411813058000,41.16811866,-8.59772902,192.8000030517578,11.0
1411813059000,41.16803571,-8.59776605,192.89999389648438,11.0
1411813060000,41.1679586,-8.59781087,194.0,11.0
1411813061000,41.16786782,-8.59786161,193.1999969482422,11.0
1411813062000,41.16779268,-8.59790255,192.39999389648438,10.0
1411813063000,41.167711,-8.59793693,192.60000610351563,10.0
1411813064000,41.16761794,-8.59797882,193.1999969482422,10.0
1411813065000,41.16754162,-8.59799744,193.39999389648438,11.0
1411813066000,41.16744997,-8.59804872,194.0,11.0
1411813067000,41.16737233,-8.59807853,194.0,11.0
1411813068000,41.16731666,-8.59810497,195.0,11.0
1411813069000,41.16727427,-8.59813322,195.1999969482422,11.0
1411813070000,41.16722737,-8.5981657,197.0,11.0
1411813072000,41.16716975,-8.59820626,198.60000610351563,10.0
1411813079000,41.16711045,-8.59810996,199.1999969482422,10.0
1411813081000,41.16709838,-8.59803801,199.0,11.0
1411813083000,41.16704601,-8.59794003,200.89999389648438,11.0
1411813084000,41.16699919,-8.59781949,201.10000610351563,11.0
1411813085000,41.16699877,-8.59775254,201.1999969482422,11.0
1411813086000,41.16698177,-8.59768657,201.1999969482422,11.0
1411813087000,41.16695597,-8.59762666,201.39999389648438,11.0
1411813088000,41.16690768,-8.59760835,203.0,12.0
1411813089000,41.16683772,-8.597602,203.0,13.0
1411813092000,41.16677787,-8.59754451,203.1999969482422,14.0
1411813094000,41.16670765,-8.59755787,203.8000030517578,14.0
1411813096000,41.16662891,-8.5976069,204.60000610351563,15.0
1411813097000,41.16658426,-8.59761831,204.5,15.0
1411813098000,41.16653733,-8.59762523,204.0,15.0
1411813100000,41.16645208,-8.59762762,203.60000610351563,14.0
1411813102000,41.16638693,-8.59767214,203.8000030517578,14.0
1411813103000,41.16634499,-8.59769947,204.0,14.0
1411813104000,41.16629537,-8.59771949,203.60000610351563,14.0
1411813108000,41.16623886,-8.59771845,206.6999969482422,15.0
1411813111000,41.16617688,-8.59774734,206.6999969482422,18.0
1411813113000,41.16611841,-8.59778617,206.89999389648438,16.0
1411813114000,41.16612029,-8.59784613,207.1999969482422,16.0
1411813116000,41.16607997,-8.59797658,207.5,14.0
1411813117000,41.16605683,-8.5980434,207.60000610351563,13.0
1411813118000,41.16603608,-8.59809987,206.1999969482422,13.0
1411813120000,41.1659874,-8.59819544,206.0,13.0
1411813121000,41.16595429,-8.59823582,206.39999389648438,13.0
1411813122000,41.1659161,-8.59827323,206.5,14.0
1411813123000,41.16587734,-8.5983094,206.5,15.0
1411813124000,41.16584052,-8.59834719,206.60000610351563,15.0
1411813125000,41.16580137,-8.59839312,206.89999389648438,15.0
1411813126000,41.16570714,-8.59840755,207.3000030517578,14.0
1411813128000,41.16563617,-8.59843737,209.39999389648438,12.0
1411813129000,41.16554655,-8.59850689,205.10000610351563,12.0
1411813132000,41.16549949,-8.59855467,209.39999389648438,12.0
1411813133000,41.16538277,-8.59846151,212.5,11.0
1411813135000,41.16537619,-8.59838032,214.89999389648438,10.0
1411813137000,41.16537104,-8.59830433,215.5,10.0
1411813139000,41.16535586,-8.59821225,219.6999969482422,10.0
1411813141000,41.16534111,-8.59811442,219.6999969482422,10.0
1411813143000,41.16533408,-8.59801953,218.5,10.0
1411813145000,41.16532327,-8.59792923,217.5,10.0
1411813147000,41.16531002,-8.5978497,213.5,10.0
1411813149000,41.16529026,-8.59777293,213.60000610351563,10.0
1411813151000,41.16528214,-8.59768052,213.10000610351563,10.0
1411813153000,41.16528055,-8.59757695,213.89999389648438,10.0
1411813155000,41.16526863,-8.59745729,211.10000610351563,10.0
1411813156000,41.16525745,-8.59738725,210.89999389648438,10.0
1411813157000,41.16523227,-8.59729177,212.5,10.0
1411813158000,41.16522596,-8.59721641,213.10000610351563,10.0
1411813160000,41.16521421,-8.59710838,215.3000030517578,10.0
1411813161000,41.16521848,-8.597048149999999,214.6999969482422,10.0
1411813163000,41.16522028,-8.59693883,214.10000610351563,10.0
1411813165000,41.16522013,-8.59684029,214.1999969482422,10.0
1411813167000,41.16521293,-8.59671972,214.60000610351563,10.0
1411813168000,41.16520674,-8.59665735,214.5,10.0
1411813169000,41.16519481,-8.59659862,214.60000610351563,10.0
1411813170000,41.16517818,-8.59651678,214.0,10.0
1411813171000,41.16517002,-8.59645575,213.8000030517578,11.0
1411813172000,41.16515744,-8.59638009,213.89999389648438,10.0
1411813173000,41.16513538,-8.59631822,213.8000030517578,11.0
1411813174000,41.16513311,-8.59625208,213.8000030517578,11.0
1411813175000,41.16512693,-8.59616123,213.89999389648438,10.0
1411813176000,41.1651153,-8.59607977,213.8000030517578,11.0
1411813177000,41.1650906,-8.59599041,213.3000030517578,10.0
1411813178000,41.16507919,-8.59589144,213.39999389648438,10.0
1411813179000,41.1650601,-8.59579947,212.60000610351563,10.0
1411813180000,41.1650338,-8.59567908,211.3000030517578,10.0
1411813181000,41.16502717,-8.59558681,209.8000030517578,10.0
1411813182000,41.16500924,-8.59549561,209.39999389648438,10.0
1411813183000,41.1650027,-8.59541039,209.3000030517578,10.0
1411813184000,41.16496798,-8.5953337,209.3000030517578,10.0
1411813185000,41.16495777,-8.5952594,209.60000610351563,10.0
1411813186000,41.1649413,-8.59517791,210.0,10.0
1411813187000,41.16492711,-8.59510512,210.0,10.0
1411813188000,41.16490033,-8.59503702,210.0,11.0
1411813190000,41.16488339,-8.59494129,209.39999389648438,11.0
1411813192000,41.1648481,-8.59488825,210.5,10.0
1411813204000,41.16488064,-8.59484648,208.8000030517578,10.0
1411813217000,41.16484184,-8.59480276,213.60000610351563,10.0
1411813263000,41.16482315,-8.59474539,213.5,10.0
1411813265000,41.16480084,-8.59465431,213.6999969482422,10.0
1411813266000,41.16479271,-8.59456462,208.5,10.0
1411813267000,41.16480762,-8.59438209,207.8000030517578,10.0
1411813268000,41.16478994,-8.59428486,208.89999389648438,10.0
1411813269000,41.16478155,-8.59417215,209.0,10.0
1411813270000,41.16476421,-8.59406367,209.8000030517578,10.0
1411813271000,41.16475242,-8.59396076,209.89999389648438,10.0
1411813272000,41.16473016,-8.59384669,209.8000030517578,10.0
1411813273000,41.16470957,-8.59376629,210.1999969482422,10.0
1411813274000,41.16469504,-8.5936998,210.5,10.0
1411813275000,41.1646846,-8.59363684,210.1999969482422,10.0
1411813277000,41.16468077,-8.59352147,209.8000030517578,10.0
1411813279000,41.16475334,-8.59351066,211.3000030517578,10.0
1411813280000,41.16479646,-8.5935493,209.60000610351563,10.0
1411813281000,41.1648125,-8.59361608,207.39999389648438,10.0
1411813283000,41.16484902,-8.59371742,206.8000030517578,10.0
1411813285000,41.16488428,-8.59382826,206.60000610351563,10.0
1411813287000,41.16491082,-8.59393987,206.8000030517578,11.0
1411813288000,41.16492138,-8.59401912,205.6999969482422,10.0
1411813289000,41.16493187,-8.59415059,205.89999389648438,10.0
1411813290000,41.16495454,-8.59423851,205.5,10.0
1411813291000,41.16496231,-8.59435677,206.10000610351563,10.0
1411813292000,41.16498537,-8.59444775,203.89999389648438,10.0
1411813293000,41.16500729,-8.59455854,204.1999969482422,10.0
1411813294000,41.16501613,-8.59466088,204.5,10.0
1411813295000,41.1650345,-8.59476578,205.0,11.0
1411813296000,41.16504926,-8.59486466,205.10000610351563,11.0
1411813297000,41.16505651,-8.59496497,205.3000030517578,11.0
1411813298000,41.16507218,-8.5950636,205.3000030517578,12.0
1411813299000,41.16508553,-8.59515588,205.5,12.0
1411813300000,41.16509628,-8.59525646,205.5,13.0
1411813301000,41.16510718,-8.59534694,205.60000610351563,13.0
1411813302000,41.16511856,-8.59543135,205.8000030517578,13.0
1411813304000,41.16516076,-8.59551061,204.39999389648438,11.0
1411813305000,41.16514562,-8.59560673,203.5,11.0
1411813307000,41.16513511,-8.59568568,203.6999969482422,12.0
1411813310000,41.16506031,-8.59553499,203.3000030517578,11.0
1411813312000,41.16501694,-8.59545802,203.89999389648438,11.0
1411813314000,41.16498886,-8.59539787,204.60000610351563,11.0
1411813315000,41.1649872,-8.59528388,204.60000610351563,11.0
1411813316000,41.16497431,-8.59520318,204.60000610351563,10.0
1411813317000,41.1649608,-8.59511788,204.60000610351563,11.0
1411813318000,41.1649512,-8.59504756,204.89999389648438,11.0
1411813319000,41.16494099,-8.5949184,203.60000610351563,11.0
1411813320000,41.16495127,-8.59483376,203.60000610351563,11.0
1411813321000,41.16493599,-8.59472335,203.0,10.0
1411813322000,41.16492345,-8.59461953,203.10000610351563,10.0
1411813323000,41.16491638,-8.59450668,203.10000610351563,11.0
1411813324000,41.16490082,-8.59441417,203.6999969482422,10.0
1411813325000,41.16488678,-8.59433255,204.6999969482422,10.0
1411813326000,41.16486991,-8.59421105,204.8000030517578,10.0
1411813327000,41.16485136,-8.59409588,204.8000030517578,10.0
1411813328000,41.16482673,-8.59397384,205.0,10.0
1411813329000,41.16480372,-8.59385621,205.39999389648438,10.0
1411813330000,41.16478586,-8.59374555,205.3000030517578,10.0
1411813331000,41.16476963,-8.59362524,205.39999389648438,10.0
1411813332000,41.16475662,-8.59350617,204.89999389648438,10.0
1411813333000,41.16474305,-8.59339775,205.1999969482422,10.0
1411813334000,41.1647148,-8.59329001,205.39999389648438,10.0
1411813335000,41.16470234,-8.59318747,205.39999389648438,10.0
1411813336000,41.16467856,-8.59307288,205.6999969482422,10.0
1411813337000,41.16467287,-8.59293846,205.39999389648438,10.0
1411813338000,41.16465269,-8.5928243,204.6999969482422,10.0
1411813339000,41.1646385,-8.5927061,205.0,10.0
1411813340000,41.16461652,-8.59259031,205.8000030517578,10.0
1411813341000,41.16461234,-8.59247958,206.5,10.0
1411813342000,41.16459659,-8.59235166,206.1999969482422,10.0
1411813343000,41.16456974,-8.59221868,206.39999389648438,10.0
1411813344000,41.1645513,-8.59209693,206.60000610351563,10.0
1411813345000,41.16453588,-8.5919731,206.6999969482422,10.0
1411813346000,41.16451589,-8.59185966,206.3000030517578,10.0
1411813347000,41.16451101,-8.59175059,206.0,10.0
1411813348000,41.16449578,-8.59163771,207.5,10.0
1411813349000,41.16448039,-8.59154396,207.39999389648438,10.0
1411813350000,41.16446466,-8.59142079,207.39999389648438,10.0
1411813351000,41.16445053,-8.59130861,208.60000610351563,10.0
1411813352000,41.16443865,-8.5912188,208.6999969482422,10.0
1411813353000,41.16443267,-8.59111958,208.60000610351563,11.0
1411813354000,41.1644203,-8.59102297,208.60000610351563,11.0
1411813355000,41.16440871,-8.59093698,208.60000610351563,11.0
1411813356000,41.16440661,-8.59086454,208.60000610351563,11.0
1411813357000,41.16438726,-8.59079722,208.6999969482422,11.0
1411813358000,41.16435658,-8.59072645,208.6999969482422,12.0
1411813359000,41.16433583,-8.59064087,208.60000610351563,12.0
1411813360000,41.16430984,-8.59056427,208.8000030517578,12.0
1411813361000,41.16425932,-8.59051007,208.60000610351563,13.0
1411813363000,41.16420512,-8.59043071,207.39999389648438,12.0
1411813365000,41.16417477,-8.59029855,208.3000030517578,11.0
1411813366000,41.16414949,-8.59022475,208.60000610351563,11.0
1411813367000,41.1641214,-8.59016883,207.8000030517578,11.0
1411813369000,41.16408611,-8.5900678,207.60000610351563,11.0
1411813371000,41.16404555,-8.58997449,206.6999969482422,11.0
1411813373000,41.1640073,-8.58987191,206.39999389648438,11.0
1411813374000,41.16397876,-8.58981969,205.8000030517578,11.0
1411813376000,41.16391163,-8.58977708,204.6999969482422,11.0
1411813377000,41.16388176,-8.589853979999999,206.60000610351563,10.0
1411813379000,41.16383543,-8.58987207,205.39999389648438,11.0
1411813381000,41.16379016,-8.58992779,206.1999969482422,10.0
1411813382000,41.16375458,-8.58996551,205.3000030517578,10.0
1411813384000,41.16366961,-8.59000128,206.3000030517578,10.0
1411813385000,41.16362163,-8.59005636,205.6999969482422,10.0
1411813386000,41.16356793,-8.59009995,205.6999969482422,10.0
1411813387000,41.16350442,-8.59014371,205.5,9.0
1411813388000,41.16344792,-8.59019762,206.3000030517578,10.0
1411813389000,41.16340102,-8.59024447,206.6999969482422,10.0
1411813390000,41.16334423,-8.59030278,206.1999969482422,10.0
1411813391000,41.16328542,-8.59033978,207.3000030517578,10.0
1411813392000,41.16323893,-8.59036897,207.39999389648438,10.0
1411813393000,41.16318515,-8.59041001,207.6999969482422,10.0
1411813394000,41.1631321,-8.59046867,207.6999969482422,10.0
1411813395000,41.16308468,-8.59051264,207.89999389648438,10.0
1411813396000,41.16304154,-8.59054114,208.10000610351563,10.0
1411813397000,41.1629915,-8.59057728,208.10000610351563,10.0
1411813398000,41.16295184,-8.59062143,209.10000610351563,10.0
1411813399000,41.16289544,-8.59065632,208.6999969482422,10.0
1411813400000,41.16283646,-8.5906885,210.3000030517578,10.0
1411813401000,41.16279365,-8.59074646,209.8000030517578,10.0
1411813402000,41.16274214,-8.59079256,209.60000610351563,10.0
1411813403000,41.16268767,-8.59085151,209.39999389648438,10.0
1411813404000,41.16263776,-8.59090378,209.5,10.0
1411813405000,41.16258065,-8.59097094,209.89999389648438,10.0
1411813406000,41.16251764,-8.59103525,210.1999969482422,10.0
1411813407000,41.16245975,-8.59109443,210.10000610351563,10.0
1411813408000,41.16238299,-8.59113926,209.6999969482422,10.0
1411813409000,41.16232064,-8.59120193,210.1999969482422,10.0
1411813410000,41.16224725,-8.59126304,209.6999969482422,10.0
1411813411000,41.16218099,-8.59134316,209.0,10.0
1411813412000,41.16210492,-8.59139879,209.60000610351563,10.0
1411813413000,41.16204475,-8.59144712,209.1999969482422,10.0
1411813414000,41.16199565,-8.59149148,209.3000030517578,10.0
1411813415000,41.16193404,-8.59153588,209.1999969482422,10.0
1411813416000,41.16188062,-8.59158731,208.5,10.0
1411813417000,41.16182722,-8.59163275,208.6999969482422,10.0
1411813418000,41.16177293,-8.59168291,207.8000030517578,10.0
1411813419000,41.16171401,-8.59172257,207.89999389648438,10.0
1411813420000,41.16165011,-8.59177127,207.89999389648438,10.0
1411813421000,41.16158767,-8.5918283,208.0,10.0
1411813422228,41.1639088,-8.5892289,0.0,69.9219970703125
1411813422000,41.16152112,-8.59187378,208.39999389648438,10.0
1411813423000,41.16145328,-8.59193018,207.8000030517578,10.0
1411813424000,41.16139289,-8.59198017,207.89999389648438,10.0
1411813425000,41.16133088,-8.59203057,208.39999389648438,10.0
1411813426000,41.16127494,-8.5920682,209.10000610351563,10.0
1411813427000,41.16123143,-8.59210948,209.39999389648438,10.0
1411813429000,41.16118155,-8.59214339,208.60000610351563,10.0
1411813432000,41.16114676,-8.59219847,207.3000030517578,10.0
1411813438000,41.1610911,-8.59221863,208.8000030517578,10.0
1411813440000,41.16103937,-8.5922634,206.89999389648438,10.0
1411813442000,41.16097005,-8.59233511,207.1999969482422,11.0
1411813443000,41.16092738,-8.59238484,207.10000610351563,11.0
1411813444000,41.16083883,-8.59254342,206.8000030517578,11.0
1411813445000,41.16079053,-8.59262198,206.8000030517578,12.0
1411813446000,41.16076161,-8.59270334,206.89999389648438,12.0
1411813447000,41.16071732,-8.59286899,207.5,11.0
1411813448000,41.16068232,-8.59299079,208.10000610351563,12.0
1411813449000,41.16066899,-8.59308518,209.5,11.0
1411813450000,41.16063512,-8.59318197,209.6999969482422,11.0
1411813451000,41.16060925,-8.5932929,209.0,11.0
1411813452000,41.16059062,-8.59338615,209.39999389648438,11.0
1411813453000,41.16055281,-8.593502,208.39999389648438,12.0
1411813454000,41.1605153,-8.59362027,207.6999969482422,12.0
1411813455000,41.16048135,-8.5937332,208.39999389648438,13.0
1411813456000,41.16048093,-8.5938162,208.3000030517578,13.0
1411813457000,41.16050607,-8.59391081,208.0,13.0
1411813458000,41.16054755,-8.59403415,208.0,12.0
1411813460000,41.16056169,-8.59419523,206.60000610351563,10.0
1411813461000,41.16056279,-8.59430223,206.8000030517578,10.0
1411813462000,41.16058043,-8.59441544,206.89999389648438,11.0
1411813463000,41.16060868,-8.59452675,207.1999969482422,10.0
1411813464000,41.16062302,-8.59464379,206.5,10.0
1411813465000,41.16064066,-8.59475987,206.5,11.0
1411813466000,41.16065529,-8.59488004,206.60000610351563,11.0
1411813467000,41.16065881,-8.59502056,206.3000030517578,12.0
1411813468000,41.16066564,-8.59516095,206.10000610351563,10.0
1411813469000,41.16068615,-8.59531756,206.39999389648438,10.0
1411813470000,41.16070108,-8.59544993,206.5,11.0
1411813471000,41.1607192,-8.59558976,206.0,12.0
1411813472000,41.16072346,-8.59571398,206.10000610351563,12.0
1411813473000,41.16073236,-8.59582561,205.89999389648438,11.0
1411813474000,41.16073658,-8.59594699,205.6999969482422,11.0
1411813475000,41.16074247,-8.59605343,205.8000030517578,12.0
1411813476000,41.16075755,-8.59615102,205.89999389648438,12.0
1411813477000,41.16075699,-8.59622865,205.8000030517578,12.0
1411813479000,41.1607691,-8.59635181,205.89999389648438,12.0
1411813481000,41.16076836,-8.59645054,205.6999969482422,12.0
1411813483000,41.16078068,-8.59652526,205.89999389648438,12.0
1411813485000,41.16082629,-8.5966465,205.89999389648438,11.0
1411813486000,41.16083301,-8.5967627,205.8000030517578,10.0
1411813487000,41.16085077,-8.59684774,205.89999389648438,10.0
1411813488000,41.16086194,-8.59693874,206.10000610351563,10.0
1411813489000,41.1608824,-8.59700729,205.6999969482422,10.0
1411813490000,41.16089222,-8.59707736,206.10000610351563,11.0
1411813491000,41.16091226,-8.59720241,206.89999389648438,11.0
1411813492000,41.16092762,-8.59731718,206.8000030517578,11.0
1411813493000,41.16096847,-8.59740511,206.3000030517578,11.0
1411813494000,41.1609636,-8.59749166,206.10000610351563,11.0
1411813495000,41.16099968,-8.59759176,205.6999969482422,11.0
1411813496000,41.16101244,-8.59768736,205.39999389648438,10.0
1411813497000,41.1610131,-8.59778922,205.5,11.0
1411813498000,41.16102063,-8.59787783,205.0,10.0
1411813499000,41.16101326,-8.59796151,205.1999969482422,11.0
1411813500000,41.16101289,-8.59803921,205.10000610351563,11.0
1411813501000,41.16101186,-8.59810859,205.39999389648438,11.0
1411813521000,41.16104998,-8.59816517,205.8000030517578,10.0
1411813522000,41.16106299,-8.59823613,205.6999969482422,10.0
1411813523000,41.16107196,-8.59831132,204.1999969482422,10.0
1411813524000,41.16108129,-8.59837778,204.10000610351563,10.0
1411813525000,41.1610935,-8.59845042,204.3000030517578,11.0
1411813526000,41.16110578,-8.59855217,204.3000030517578,11.0
1411813527000,41.16111748,-8.59867411,204.10000610351563,11.0
1411813528000,41.16112918,-8.59881494,204.1999969482422,12.0
1411813529000,41.16114201,-8.59893581,203.8000030517578,12.0
1411813530000,41.16116569,-8.59905671,203.8000030517578,12.0
1411813531000,41.16117774,-8.59917427,203.5,12.0
1411813532000,41.16118049,-8.59930516,203.39999389648438,13.0
1411813533000,41.16119732,-8.59941541,203.5,13.0
1411813534000,41.16120088,-8.59954459,203.39999389648438,13.0
1411813535000,41.16119933,-8.59967745,203.3000030517578,14.0
1411813536000,41.16118703,-8.59982112,203.10000610351563,15.0
1411813537000,41.16118425,-8.59994353,203.1999969482422,15.0
1411813538000,41.16121429,-8.60005426,203.39999389648438,15.0
1411813539000,41.16122031,-8.60018737,203.39999389648438,16.0
1411813540000,41.16122056,-8.60027734,203.5,16.0
1411813541000,41.16120721,-8.60037523,203.8000030517578,17.0
1411813542000,41.16118479,-8.60044346,204.0,16.0
1411813543000,41.16105193,-8.60033874,203.39999389648438,13.0
1411813545000,41.16102561,-8.60042402,203.5,13.0
1411813547000,41.16093729,-8.60048891,203.60000610351563,12.0
1411813548000,41.16088377,-8.60051824,203.39999389648438,12.0
1411813549000,41.16083622,-8.60053278,203.3000030517578,12.0
1411813550000,41.1607571,-8.60054719,203.10000610351563,12.0
1411813551000,41.16070097,-8.60057826,203.5,12.0
1411813552000,41.16062317,-8.60061405,202.8000030517578,12.0
1411813553000,41.16056705,-8.60062122,204.60000610351563,11.0
1411813554000,41.16049176,-8.60065024,204.60000610351563,12.0
1411813555000,41.16040703,-8.60067036,204.6999969482422,12.0
1411813556000,41.16033666,-8.60070195,204.1999969482422,13.0
1411813557000,41.16025926,-8.60073074,204.1999969482422,12.0
1411813558000,41.16019299,-8.60077856,204.5,12.0
1411813559000,41.16012655,-8.60079783,204.8000030517578,12.0
1411813560000,41.16003761,-8.60082471,205.0,12.0
1411813561000,41.1599686,-8.600869,204.89999389648438,12.0
1411813562000,41.15990384,-8.60089713,204.89999389648438,12.0
1411813563000,41.15985259,-8.60093484,205.1999969482422,12.0
1411813564000,41.15979432,-8.60094431,205.0,12.0
1411813565000,41.15974746,-8.60097981,204.89999389648438,12.0
1411813567000,41.15970706,-8.60101074,205.5,11.0
1411813569000,41.1596534,-8.60100132,205.3000030517578,11.0
1411813571000,41.15957315,-8.60102932,205.89999389648438,11.0
1411813572000,41.15952673,-8.60105566,206.1999969482422,12.0
1411813573000,41.15946891,-8.60108706,206.39999389648438,11.0
1411813574000,41.15940643,-8.6011079,205.8000030517578,11.0
1411813575000,41.15935426,-8.60111507,205.8000030517578,12.0
1411813576000,41.15930165,-8.60113913,205.8000030517578,12.0
1411813577000,41.15923851,-8.60118212,205.8000030517578,12.0
1411813578000,41.1591706,-8.60120087,205.8000030517578,12.0
1411813579000,41.15910625,-8.60123897,205.89999389648438,12.0
1411813580000,41.15903507,-8.60127123,205.89999389648438,12.0
1411813581000,41.15890491,-8.60128337,206.10000610351563,12.0
1411813582000,41.15880434,-8.60129978,205.89999389648438,12.0
1411813583000,41.15871013,-8.6013342,206.10000610351563,11.0
1411813584000,41.15862587,-8.60137752,205.8000030517578,11.0
1411813585000,41.15853694,-8.60140367,205.6999969482422,11.0
1411813586000,41.15842243,-8.60142089,204.8000030517578,11.0
1411813587000,41.15833094,-8.60146249,204.8000030517578,11.0
1411813588000,41.15823293,-8.60149444,205.0,12.0
1411813589000,41.15815554,-8.60152389,204.8000030517578,11.0
1411813590000,41.15810191,-8.60155006,205.0,11.0
1411813591000,41.15803304,-8.60156221,205.39999389648438,11.0
1411813592000,41.15796756,-8.60159075,205.5,12.0
1411813593000,41.15789051,-8.6016173,205.10000610351563,12.0
1411813594000,41.15782316,-8.60164734,205.1999969482422,12.0
1411813595000,41.15774995,-8.60166903,205.39999389648438,11.0
1411813596000,41.15769125,-8.60163801,205.39999389648438,11.0
1411813597000,41.15760709,-8.601642,205.60000610351563,11.0
1411813598000,41.15754403,-8.60164741,205.60000610351563,11.0
1411813599000,41.15748315,-8.6016506,205.6999969482422,12.0
1411813600000,41.15739224,-8.60162235,206.39999389648438,11.0
1411813601000,41.15733965,-8.6016487,206.1999969482422,12.0
1411813602000,41.15726593,-8.60169289,206.0,12.0
1411813603000,41.1571785,-8.60176579,206.0,11.0
1411813604000,41.15710512,-8.60181829,206.0,11.0
1411813605000,41.15701146,-8.60186364,206.39999389648438,11.0
1411813606000,41.15693233,-8.60190369,206.6999969482422,12.0
1411813607000,41.15680377,-8.60198152,205.1999969482422,12.0
1411813608000,41.15672556,-8.60201743,205.3000030517578,12.0
1411813609000,41.15662926,-8.60203362,205.0,12.0
1411813610000,41.1565564,-8.60206082,205.10000610351563,12.0
1411813611000,41.15648524,-8.60207913,205.10000610351563,12.0
1411813612000,41.15641681,-8.602111,205.3000030517578,12.0
1411813613000,41.15633168,-8.60214809,205.5,12.0
1411813614000,41.15625317,-8.60218534,205.6999969482422,12.0
1411813615000,41.15617782,-8.60223516,205.8000030517578,12.0
1411813616000,41.15611137,-8.60226533,205.89999389648438,13.0
1411813617000,41.15602388,-8.60232494,205.89999389648438,13.0
1411813618000,41.155941,-8.60236748,205.6999969482422,12.0
1411813619000,41.15585733,-8.60241301,205.8000030517578,12.0
1411813620000,41.15579518,-8.60244514,206.3000030517578,12.0
1411813621000,41.15572739,-8.60244171,208.10000610351563,12.0
1411813622000,41.1556513,-8.60246401,208.39999389648438,11.0
1411813623000,41.15556175,-8.60250726,209.6999969482422,11.0
1411813624000,41.1554674,-8.60256809,208.60000610351563,11.0
1411813625000,41.15539123,-8.60261417,208.1999969482422,11.0
1411813626000,41.155299,-8.60264311,207.6999969482422,11.0
1411813627000,41.15520573,-8.60268568,206.89999389648438,11.0
1411813628000,41.1551257,-8.60270084,206.39999389648438,11.0
1411813629000,41.15506158,-8.60272867,207.10000610351563,11.0
1411813630000,41.15500638,-8.60271885,207.1999969482422,11.0
1411813631000,41.15491836,-8.60273688,206.6999969482422,11.0
1411813632000,41.1548744,-8.60275648,205.3000030517578,11.0
1411813633000,41.15482317,-8.60279216,201.1999969482422,10.0
1411813634000,41.15477569,-8.60281945,201.3000030517578,11.0
1411813636000,41.15472583,-8.60285171,200.60000610351563,10.0
1411813685000,41.1546758,-8.60291963,202.0,10.0
1411813686000,41.15457392,-8.60298676,201.3000030517578,10.0
1411813687000,41.15449896,-8.60303399,202.1999969482422,10.0
1411813688000,41.15444423,-8.60306984,202.10000610351563,11.0
1411813689000,41.15437413,-8.60309674,202.1999969482422,11.0
1411813690000,41.1543021,-8.60312904,202.60000610351563,11.0
1411813691000,41.15421251,-8.60317762,202.89999389648438,11.0
1411813692000,41.15411854,-8.60321391,203.10000610351563,11.0
1411813693000,41.15404903,-8.60326836,204.0,11.0
1411813694000,41.15395713,-8.60334184,204.0,11.0
1411813695000,41.15386531,-8.6034159,203.39999389648438,11.0
1411813696000,41.15376706,-8.60347432,203.3000030517578,12.0
1411813697000,41.15368653,-8.60355107,203.3000030517578,12.0
1411813698000,41.15360003,-8.60357866,202.60000610351563,12.0
1411813699000,41.15350044,-8.60361945,202.89999389648438,12.0
1411813700000,41.15341087,-8.60364983,203.10000610351563,12.0
1411813701000,41.15331303,-8.60365169,202.89999389648438,12.0
1411813702000,41.15323576,-8.60368143,202.5,12.0
1411813703000,41.1531377,-8.60372306,202.1999969482422,12.0
1411813704000,41.15304714,-8.60373554,202.1999969482422,12.0
1411813705000,41.15297342,-8.60376466,202.0,12.0
1411813706000,41.15289812,-8.60382646,201.89999389648438,12.0
1411813707000,41.15280967,-8.6038636,201.60000610351563,12.0
1411813708000,41.152734099999996,-8.60389866,201.39999389648438,13.0
1411813709000,41.15265463,-8.60394663,201.3000030517578,13.0
1411813710000,41.1525871,-8.60402394,201.10000610351563,13.0
1411813711000,41.1525257,-8.60402299,200.6999969482422,13.0
1411813712000,41.15248756,-8.60405988,200.6999969482422,13.0
1411813713000,41.15242928,-8.60409707,200.6999969482422,14.0
1411813714000,41.15237095,-8.60412237,200.60000610351563,14.0
1411813715000,41.15229584,-8.60407223,200.1999969482422,13.0
1411813716000,41.152222,-8.60414899,200.1999969482422,13.0
1411813717000,41.15216403,-8.60414858,200.0,13.0
1411813718000,41.15209684,-8.60416651,199.8000030517578,14.0
1411813719000,41.15202441,-8.60419529,199.60000610351563,14.0
1411813720000,41.15196057,-8.60422129,199.6999969482422,14.0
1411813721000,41.15190259,-8.60424473,199.6999969482422,15.0
1411813722000,41.15184588,-8.60427089,199.6999969482422,16.0
1411813723000,41.15176217,-8.60433866,199.39999389648438,16.0
1411813724000,41.15170243,-8.60437513,199.3000030517578,17.0
1411813725000,41.15164718,-8.60438187,199.3000030517578,16.0
1411813726000,41.15156237,-8.60438662,198.60000610351563,16.0
1411813727000,41.15150562,-8.60442177,198.6999969482422,16.0
1411813728000,41.15145771,-8.60443449,198.6999969482422,15.0
1411813729000,41.15139083,-8.60443182,197.8000030517578,15.0
1411813730000,41.15130033,-8.60443794,197.10000610351563,15.0
1411813732000,41.15123321,-8.60447514,197.10000610351563,14.0
1411813734000,41.15114468,-8.6045003,197.0,14.0
1411813735000,41.15108671,-8.60448962,196.6999969482422,15.0
1411813738000,41.15103125,-8.60450839,196.5,15.0
1411813743000,41.1509848,-8.60454071,196.3000030517578,20.0
1411813760000,41.15094428,-8.60458471,195.60000610351563,67.0
1411813762000,41.1509256,-8.60464024,195.0,30.0
1411813765000,41.15087245,-8.60464096,192.3000030517578,19.0
1411813768000,41.15082014,-8.60458711,192.6999969482422,15.0
1411813769000,41.1507548,-8.60458003,192.8000030517578,16.0
1411813770000,41.15069121,-8.60457346,192.60000610351563,16.0
1411813771000,41.15062431,-8.60455301,191.89999389648438,15.0
1411813772000,41.15054371,-8.60442471,191.8000030517578,15.0
1411813773000,41.15045816,-8.60442609,191.8000030517578,16.0
1411813774000,41.15037308,-8.60446132,191.8000030517578,15.0
1411813775000,41.15032109,-8.60445459,191.8000030517578,16.0
1411813777000,41.15025416,-8.60445307,191.60000610351563,17.0
1411813779000,41.15018252,-8.60430402,190.39999389648438,15.0
1411813780000,41.15011429,-8.60426693,190.10000610351563,15.0
1411813781000,41.1500679,-8.60425486,189.8000030517578,15.0
1411813783000,41.15000997,-8.60424436,188.8000030517578,15.0
1411813784000,41.14996582,-8.60428997,189.1999969482422,14.0
1411813786000,41.14992151,-8.60431109,189.10000610351563,14.0
1411813795000,41.1499255,-8.6043719,187.39999389648438,13.0
1411813800000,41.14987524,-8.60438851,187.60000610351563,15.0
1411813805000,41.14982201,-8.60441053,188.0,16.0
1411813808000,41.14976723,-8.60441338,187.89999389648438,16.0
1411813810000,41.14969243,-8.60443732,185.6999969482422,21.0
1411813812000,41.14962189,-8.60443042,186.60000610351563,23.0
1411813814000,41.14957177,-8.60444776,182.10000610351563,22.0
1411813816000,41.14952123,-8.60450233,180.3000030517578,22.0
1411813818000,41.14947975,-8.60455764,180.0,23.0
1411813820000,41.14943887,-8.60462052,179.5,23.0
1411813822000,41.14940569,-8.60469769,179.1999969482422,24.0
1411813824000,41.14937113,-8.60480052,179.10000610351563,24.0
1411813825000,41.14938191,-8.60488024,178.6999969482422,20.0
1411813826000,41.14940099,-8.60495765,178.60000610351563,18.0
1411813827000,41.14943183,-8.60502973,178.39999389648438,17.0
1411813828000,41.14945884,-8.60509148,175.60000610351563,16.0
1411813829000,41.14948277,-8.60514507,176.0,16.0
1411813831000,41.14952756,-8.60523961,176.5,14.0
1411813833000,41.1495629,-8.60531948,176.89999389648438,14.0
1411813835000,41.14959187,-8.60538053,177.10000610351563,14.0
1411813839000,41.14963022,-8.60541584,176.39999389648438,14.0
1411813842000,41.14964386,-8.60547998,175.89999389648438,14.0
1411813844000,41.14963884,-8.60555594,174.6999969482422,15.0
1411813846000,41.14963949,-8.60564792,174.1999969482422,16.0
1411813847000,41.14965021,-8.6057277,174.0,15.0
1411813848000,41.14967645,-8.60592046,173.39999389648438,15.0
1411813849000,41.14970732,-8.60600135,174.0,16.0
1411813850000,41.14971731,-8.60608966,174.0,16.0
1411813851000,41.14973327,-8.60617112,174.0,17.0
1411813852000,41.14975486,-8.60625619,174.10000610351563,16.0
1411813853000,41.14978078,-8.60633089,173.89999389648438,16.0
1411813854000,41.14979612,-8.60640815,174.0,16.0
1411813855000,41.14981366,-8.60651419,174.0,16.0
1411813856000,41.14984689,-8.60659757,173.8000030517578,16.0
1411813857000,41.14987016,-8.60668596,173.6999969482422,16.0
1411813858000,41.14988694,-8.60674631,173.39999389648438,16.0
1411813859000,41.14989024,-8.60685108,173.39999389648438,16.0
1411813860000,41.14989724,-8.60696089,173.1999969482422,17.0
1411813861000,41.14989417,-8.60707977,172.89999389648438,16.0
1411813862000,41.14997571,-8.60714919,172.8000030517578,17.0
1411813863000,41.14999505,-8.60723541,173.39999389648438,14.0
1411813864000,41.15003236,-8.60734962,174.39999389648438,14.0
1411813866000,41.15005851,-8.60745719,175.0,13.0
1411813869000,41.15005584,-8.60753808,174.39999389648438,13.0
1411813874000,41.15008202,-8.60761236,174.10000610351563,13.0
1411813885000,41.15010097,-8.60770194,173.8000030517578,12.0
1411813886000,41.1501148,-8.60777395,172.10000610351563,12.0
1411813887000,41.15013502,-8.60787984,172.0,12.0
1411813888000,41.15014583,-8.60795025,171.60000610351563,12.0
1411813889000,41.15016626,-8.60802721,171.10000610351563,12.0
1411813890000,41.15019985,-8.60812235,172.1999969482422,12.0
1411813891000,41.15023373,-8.60821614,172.3000030517578,12.0
1411813892000,41.15025717,-8.60829346,172.0,12.0
1411813893000,41.15026503,-8.60836292,171.6999969482422,12.0
1411813894000,41.15028231,-8.60841985,171.3000030517578,13.0
1411813895000,41.1502944,-8.60850247,171.1999969482422,13.0
1411813896000,41.15028508,-8.60857353,171.10000610351563,13.0
1411813897000,41.15031149,-8.60863946,171.1999969482422,13.0
1411813898000,41.15035762,-8.60870231,171.39999389648438,14.0
1411813899000,41.15038574,-8.60876031,171.3000030517578,14.0
1411813901000,41.15037557,-8.60882936,170.60000610351563,14.0
1411813904000,41.15037978,-8.60889717,170.10000610351563,13.0
1411813906000,41.15040387,-8.6089645,170.1999969482422,13.0
1411813908000,41.15041159,-8.60903501,168.8000030517578,13.0
1411813909000,41.15044603,-8.60915703,169.39999389648438,13.0
1411813910000,41.15046067,-8.60922757,169.0,14.0
1411813911000,41.15046387,-8.60929532,168.8000030517578,14.0
1411813912000,41.15047848,-8.60936569,168.6999969482422,14.0
1411813913000,41.15051761,-8.60945029,168.60000610351563,13.0
1411813914000,41.15053061,-8.60952161,168.8000030517578,13.0
1411813915000,41.15053676,-8.60958851,170.1999969482422,13.0
1411813916000,41.15054378,-8.60965216,170.39999389648438,14.0
1411813921000,41.15054647,-8.60971992,169.3000030517578,12.0
1411813924000,41.15053677,-8.60978177,169.39999389648438,13.0
1411813927000,41.15053595,-8.60984676,168.3000030517578,13.0
1411813930000,41.15053721,-8.60990954,168.0,14.0
1411813937000,41.1505893,-8.60990333,168.1999969482422,23.0
1411813940000,41.15063373,-8.60988615,167.6999969482422,22.0
1411813950000,41.15058442,-8.60990866,167.60000610351563,22.0
1411813958000,41.15063418,-8.609941,169.3000030517578,14.0
1411813962000,41.15067256,-8.60998294,167.8000030517578,13.0
1411813965000,41.15062294,-8.60997402,155.1999969482422,13.0
1411813969000,41.15058919,-8.60993108,153.3000030517578,12.0
1411814003000,41.15064887,-8.60998385,152.89999389648438,10.0
1411814005000,41.1507135,-8.61001658,151.6999969482422,11.0
1411814007000,41.15078276,-8.61002889,153.3000030517578,11.0
1411814009000,41.15084569,-8.61003001,153.3000030517578,13.0
1411814011000,41.15090879,-8.61002904,153.5,16.0
1411814013000,41.15097352,-8.61001318,153.5,21.0
1411814015000,41.15104725,-8.60997665,153.5,25.0
1411814016000,41.15110026,-8.60993989,154.10000610351563,27.0
1411814017000,41.15114086,-8.60989518,153.6999969482422,24.0
1411814018000,41.15118955,-8.60984253,154.3000030517578,22.0
1411814019000,41.15124192,-8.60980559,153.6999969482422,17.0
1411814020000,41.15129622,-8.60977773,153.89999389648438,16.0
1411814021000,41.15135686,-8.60977921,152.6999969482422,15.0
1411814022000,41.15149351,-8.6097588,152.89999389648438,16.0
1411814023000,41.15153203,-8.60979482,152.1999969482422,16.0
1411814025000,41.15161523,-8.6098562,152.0,16.0
1411814026000,41.15165653,-8.60988453,151.8000030517578,16.0
1411814029000,41.15167368,-8.60996938,149.60000610351563,14.0
1411814032000,41.15174057,-8.60996939,144.3000030517578,13.0
1411814045000,41.15178596,-8.60995496,151.8000030517578,12.0
1411814072000,41.15188995,-8.60995958,150.8000030517578,12.0
1411814074000,41.15195392,-8.60995913,152.0,12.0
1411814077000,41.15200428,-8.60994887,152.89999389648438,12.0
1411814082000,41.15204311,-8.6100076,151.1999969482422,13.0
1411814084000,41.15200794,-8.61009016,150.6999969482422,13.0
1411814086000,41.15193487,-8.61015533,151.0,13.0
1411814087000,41.1518913,-8.61018843,151.1999969482422,13.0
1411814088000,41.151737,-8.61025835,151.3000030517578,13.0
1411814089000,41.15165821,-8.6103337,150.8000030517578,12.0
1411814090000,41.15156987,-8.610425,148.5,13.0
1411814091000,41.15151731,-8.61050512,147.39999389648438,13.0
1411814092000,41.15142626,-8.61059112,147.10000610351563,12.0
1411814093000,41.15134705,-8.61065777,147.6999969482422,12.0
1411814094000,41.15125044,-8.61073923,147.8000030517578,13.0
1411814095000,41.15115651,-8.6107137,147.5,13.0
1411814096000,41.15108042,-8.61074021,146.8000030517578,13.0
1411814097000,41.15097311,-8.61075436,145.60000610351563,12.0
1411814098000,41.15088152,-8.61078643,144.3000030517578,12.0
1411814099000,41.15080547,-8.61079216,143.8000030517578,12.0
1411814100000,41.15067609,-8.61078163,143.5,11.0
1411814101000,41.1505982,-8.61079917,143.0,12.0
1411814102000,41.15050639,-8.61083622,142.5,12.0
1411814103000,41.15043432,-8.61086681,141.8000030517578,12.0
1411814104000,41.15035957,-8.61089234,141.6999969482422,13.0
1411814105000,41.15028823,-8.61091658,141.60000610351563,13.0
1411814106000,41.15021872,-8.6109429,141.6999969482422,14.0
1411814107000,41.15014283,-8.6109695,141.60000610351563,14.0
1411814108000,41.1500815,-8.61098503,141.60000610351563,14.0
1411814109000,41.15001036,-8.61107115,141.39999389648438,13.0
1411814110000,41.14995363,-8.61111182,141.5,13.0
1411814111000,41.14985814,-8.61115249,140.89999389648438,13.0
1411814112000,41.14978804,-8.61115335,140.8000030517578,13.0
1411814113000,41.14971335,-8.61117384,140.3000030517578,13.0
1411814114000,41.14965915,-8.61117004,140.60000610351563,13.0
1411814115000,41.14961053,-8.61117053,140.5,13.0
1411814116000,41.14956644,-8.61115359,140.89999389648438,13.0
1411814118000,41.14947125,-8.61117286,140.39999389648438,12.0
1411814119000,41.14938997,-8.61113868,138.89999389648438,13.0
1411814121000,41.14931949,-8.61114664,137.1999969482422,12.0
1411814123000,41.14924129,-8.61116105,135.60000610351563,13.0
1411814124000,41.14918811,-8.6111345,135.0,13.0
1411814125000,41.14913907,-8.61113848,134.10000610351563,14.0
1411814127000,41.14912326,-8.61120243,134.1999969482422,14.0
1411814129000,41.14907677,-8.61119474,134.1999969482422,14.0
1411814142000,41.14901397,-8.6112286,135.6999969482422,12.0
1411814142850,41.1491345,-8.6115226,0.0,33.0
1411814143000,41.14894654,-8.61123368,131.6999969482422,11.0
1411814144000,41.14883476,-8.61123941,131.3000030517578,11.0
1411814145000,41.14876113,-8.61124755,131.6999969482422,11.0
1411814146000,41.14869374,-8.61125326,131.10000610351563,11.0
1411814147000,41.14860908,-8.611267,130.5,11.0
1411814148000,41.14854021,-8.61126455,129.89999389648438,11.0
1411814149000,41.14846839,-8.61126991,129.39999389648438,10.0
1411814150000,41.14840751,-8.61128311,129.10000610351563,10.0
1411814151000,41.14833992,-8.61129118,129.10000610351563,10.0
1411814152000,41.14829527,-8.61131531,128.8000030517578,10.0
1411814153000,41.14824703,-8.61132538,128.1999969482422,10.0
1411814155000,41.14815465,-8.61132453,128.60000610351563,10.0
1411814156000,41.14810832,-8.61131525,129.10000610351563,11.0
1411814158000,41.14802639,-8.61132086,128.89999389648438,10.0
1411814160000,41.14795143,-8.61134708,129.0,11.0
1411814162098,41.1491345,-8.6115226,0.0,33.0
1411814162000,41.14792592,-8.61142739,127.30000305175781,11.0
1411814164000,41.14787806,-8.61149842,127.30000305175781,11.0
1411814166000,41.14783458,-8.6115807,127.0999984741211,12.0
1411814168000,41.14779677,-8.61167313,126.9000015258789,13.0
1411814170000,41.14776513,-8.61177656,126.5,15.0
1411814172000,41.14774395,-8.61188859,126.30000305175781,22.0
1411814174000,41.1477217,-8.61198771,126.30000305175781,31.0
1411814176000,41.14767425,-8.61204583,126.4000015258789,41.0
1411814178000,41.14763969,-8.61208733,126.19999694824219,50.0
1411814180000,41.14761788,-8.61214005,126.0999984741211,61.0
1411814182000,41.14762654,-8.61221916,125.9000015258789,55.0
1411814183000,41.14793184,-8.61208508,126.5999984741211,37.0
1411814185000,41.14797519,-8.61213548,126.5999984741211,25.0
1411814187000,41.14803197,-8.61220904,128.3000030517578,18.0
1411814188000,41.14806958,-8.61229014,130.5,17.0
1411814189000,41.14821973,-8.61261645,131.39999389648438,16.0
1411814190000,41.14825853,-8.61270222,131.60000610351563,16.0
1411814191000,41.14830038,-8.6127913,131.6999969482422,15.0
1411814192000,41.14832974,-8.61289057,131.6999969482422,15.0
1411814193000,41.14834184,-8.61302513,131.60000610351563,15.0
1411814194000,41.148361,-8.61314027,131.89999389648438,14.0
1411814195000,41.14836475,-8.61325171,132.3000030517578,14.0
1411814196000,41.14836457,-8.61335409,132.10000610351563,14.0
1411814197000,41.14837208,-8.61346233,132.10000610351563,14.0
1411814198000,41.14838284,-8.61359035,132.1999969482422,14.0
1411814199000,41.1483805,-8.61370227,132.3000030517578,14.0
1411814200000,41.14838589,-8.61381499,132.3000030517578,14.0
1411814201000,41.14839165,-8.61391539,132.39999389648438,14.0
1411814202000,41.14840952,-8.61402924,132.39999389648438,15.0
1411814203000,41.14840196,-8.6141268,132.60000610351563,15.0
1411814204000,41.14843836,-8.61423404,132.6999969482422,16.0
1411814205000,41.14844656,-8.61433944,132.6999969482422,17.0
1411814206000,41.14831754,-8.61449493,132.1999969482422,15.0
1411814207000,41.14831672,-8.61458697,132.3000030517578,15.0
1411814208000,41.14838302,-8.61468764,132.8000030517578,15.0
1411814209000,41.14845877,-8.61467145,133.39999389648438,16.0
1411814210000,41.14848728,-8.61461988,133.3000030517578,16.0
1411814212000,41.14842423,-8.61461682,133.3000030517578,16.0
1411814213000,41.14831858,-8.61466335,133.6999969482422,15.0
1411814214000,41.14834205,-8.61472842,133.60000610351563,15.0
1411814216000,41.14825011,-8.61477104,133.39999389648438,16.0
1411814218000,41.14818796,-8.61475638,133.8000030517578,16.0
1411814219000,41.14812798,-8.61473206,133.5,16.0
1411814220000,41.14807713,-8.61473004,133.60000610351563,17.0
1411814221000,41.14802609,-8.61475273,133.60000610351563,17.0
1411814222000,41.14793771,-8.61476332,134.8000030517578,17.0
1411814223000,41.14770624,-8.61470234,136.0,18.0
1411814224000,41.14760016,-8.61469334,136.8000030517578,17.0
1411814225000,41.14759492,-8.61477654,137.60000610351563,14.0
1411814228000,41.14754242,-8.61483732,138.3000030517578,13.0
1411814242000,41.14750382,-8.61487417,142.39999389648438,20.0
1411814254000,41.14729693,-8.61493505,148.6999969482422,19.0
1411814256000,41.14722521,-8.61494729,148.10000610351563,17.0
1411814258000,41.1471516,-8.61497547,148.10000610351563,15.0
1411814259000,41.14710475,-8.61500827,145.1999969482422,14.0
1411814261000,41.14704181,-8.61509254,147.3000030517578,14.0
1411814262000,41.14704595,-8.61516843,147.1999969482422,13.0
1411814263000,41.14718914,-8.61537613,149.6999969482422,13.0
1411814264000,41.14717261,-8.61543956,148.39999389648438,13.0
1411814265000,41.14718814,-8.61553134,148.89999389648438,12.0
1411814266000,41.14727314,-8.61564195,150.39999389648438,11.0
1411814267000,41.14729453,-8.61574303,151.0,11.0
1411814268000,41.14729902,-8.61583623,150.89999389648438,11.0
1411814270000,41.14731061,-8.61593094,150.10000610351563,11.0
1411814271000,41.14732239,-8.61599204,151.60000610351563,11.0
1411814272000,41.147315,-8.61606548,152.39999389648438,11.0
1411814273000,41.14729377,-8.61612867,152.89999389648438,12.0
1411814274000,41.14728956,-8.61620525,150.8000030517578,12.0
1411814275000,41.14722972,-8.61625723,151.0,10.0
1411814276000,41.14720521,-8.61633706,151.39999389648438,11.0
1411814277000,41.14720442,-8.61641433,151.0,10.0
1411814278000,41.14720978,-8.61649209,150.8000030517578,10.0
1411814279000,41.14719754,-8.61657364,151.0,10.0
1411814280000,41.14720485,-8.61666683,149.60000610351563,10.0
1411814281000,41.14721193,-8.61676397,148.8000030517578,10.0
1411814282000,41.14722161,-8.61685771,148.6999969482422,10.0
1411814283000,41.14724165,-8.61696219,147.6999969482422,10.0
1411814284000,41.14725048,-8.61706698,148.6999969482422,10.0
1411814285000,41.14725764,-8.61717076,148.6999969482422,11.0
1411814286000,41.14723129,-8.61726633,147.8000030517578,10.0
1411814287000,41.14721885,-8.61736013,147.8000030517578,11.0
1411814288000,41.14720543,-8.61746116,148.0,11.0
1411814289000,41.14718692,-8.61756558,147.5,12.0
1411814290000,41.1471816,-8.61766289,147.60000610351563,12.0
1411814291000,41.14717576,-8.61772561,147.10000610351563,11.0
1411814292000,41.14717687,-8.61778658,147.10000610351563,11.0
1411814293000,41.14716569,-8.61784533,144.10000610351563,10.0
1411814295000,41.14711031,-8.61786212,141.8000030517578,10.0
1411814297000,41.14700404,-8.61783937,141.8000030517578,10.0
1411814298000,41.14693005,-8.61784213,141.60000610351563,10.0
1411814299000,41.14687503,-8.61783239,141.6999969482422,10.0
1411814300000,41.14682,-8.61783497,141.89999389648438,11.0
1411814301000,41.14677092,-8.61782459,142.10000610351563,11.0
1411814303000,41.14668961,-8.61781237,142.1999969482422,12.0
1411814305000,41.14665293,-8.61775309,142.3000030517578,13.0
1411814309000,41.14671721,-8.61780705,143.8000030517578,13.0
1411814311000,41.14677675,-8.6178232,144.5,14.0
1411814343000,41.14669816,-8.61780641,148.89999389648438,10.0
1411814344000,41.14664731,-8.61779883,149.89999389648438,10.0
1411814345000,41.14657842,-8.61778776,150.6999969482422,10.0
1411814346000,41.14643227,-8.61778928,150.5,11.0
1411814347000,41.14637134,-8.61775716,156.1999969482422,12.0
1411814348000,41.14631394,-8.61774915,154.89999389648438,11.0
1411814349000,41.14623346,-8.61771298,153.39999389648438,10.0
1411814350000,41.14616125,-8.6176752,153.1999969482422,11.0
1411814351000,41.14608913,-8.61765714,153.3000030517578,11.0
1411814352000,41.14600234,-8.61762705,154.10000610351563,11.0
1411814353000,41.14592772,-8.61762484,154.3000030517578,12.0
1411814354000,41.14585926,-8.61759041,154.5,12.0
1411814355000,41.14573568,-8.61757091,153.39999389648438,11.0
1411814356000,41.1456359,-8.6175654,154.1999969482422,11.0
1411814357000,41.14553006,-8.6175244,153.8000030517578,11.0
1411814358000,41.14544241,-8.61750487,154.39999389648438,10.0
1411814359000,41.14537657,-8.61746886,152.6999969482422,11.0
1411814360000,41.14528823,-8.6174405,152.8000030517578,11.0
1411814361000,41.14523704,-8.61742631,153.1999969482422,11.0
1411814362000,41.14518338,-8.61742684,153.3000030517578,11.0
1411814363000,41.14513014,-8.61742428,153.1999969482422,12.0
1411814364000,41.14508199,-8.61740523,152.6999969482422,12.0
1411814368000,41.14501563,-8.61735506,152.39999389648438,13.0
1411814374000,41.14505957,-8.61738325,152.5,16.0
1411814376000,41.14482108,-8.61736049,152.89999389648438,13.0
1411814377000,41.14474013,-8.61731455,152.8000030517578,13.0
1411814378000,41.14468058,-8.61729927,152.6999969482422,14.0
1411814380000,41.14466737,-8.61715524,153.0,12.0
1411814381000,41.14465039,-8.61705475,154.0,13.0
1411814382000,41.14463759,-8.61696357,154.5,13.0
1411814383000,41.14474763,-8.61690514,155.8000030517578,12.0
1411814384000,41.14476954,-8.61680164,155.60000610351563,11.0
1411814385000,41.14482797,-8.61673449,156.6999969482422,12.0
1411814386000,41.14483002,-8.61665451,155.89999389648438,11.0
1411814387000,41.14491014,-8.61658526,155.60000610351563,11.0
1411814388000,41.14495437,-8.61650883,154.10000610351563,11.0
1411814389000,41.14499192,-8.61645225,155.0,11.0
1411814409000,41.14502221,-8.61637221,154.1999969482422,10.0
1411814410000,41.14504342,-8.61631904,154.10000610351563,10.0
1411814411000,41.14506881,-8.61626128,153.1999969482422,10.0
1411814412000,41.14513141,-8.61614801,152.89999389648438,10.0
1411814413000,41.14516644,-8.61607896,153.1999969482422,10.0
1411814415000,41.14521075,-8.61596607,153.10000610351563,10.0
1411814417000,41.14526249,-8.6158678,152.89999389648438,10.0
1411814418000,41.14529322,-8.61580692,152.60000610351563,10.0
1411814419000,41.14532619,-8.61574638,153.0,10.0
1411814421000,41.14536681,-8.61566193,152.39999389648438,10.0
1411814422000,41.14539851,-8.61561394,152.1999969482422,9.0
1411814423000,41.14541883,-8.61555647,152.89999389648438,9.0
1411814424000,41.14544917,-8.61549481,153.6999969482422,10.0
1411814425000,41.14547921,-8.61542012,154.8000030517578,10.0
1411814426000,41.14550877,-8.61535114,154.8000030517578,10.0
1411814427000,41.14554158,-8.61526793,155.10000610351563,10.0
1411814428000,41.14556904,-8.61518943,155.0,10.0
1411814429000,41.1456081,-8.61510281,155.10000610351563,10.0
1411814430000,41.14564526,-8.61502233,155.6999969482422,10.0
1411814432000,41.14565598,-8.61492501,155.5,10.0
1411814434000,41.14570032,-8.61481582,155.5,10.0
1411814435000,41.14571493,-8.61475057,155.6999969482422,10.0
1411814436000,41.14573351,-8.61467454,155.39999389648438,10.0
1411814437000,41.14576783,-8.61458863,154.8000030517578,10.0
1411814438000,41.1457973,-8.6145086,153.8000030517578,10.0
1411814439000,41.14582138,-8.6144254,153.1999969482422,10.0
1411814440000,41.14583213,-8.61436096,152.8000030517578,10.0
1411814441000,41.14584884,-8.6142949,153.10000610351563,11.0
1411814443000,41.14586667,-8.61418634,153.1999969482422,10.0
1411814445000,41.14588639,-8.61408506,153.39999389648438,10.0
1411814446000,41.14590486,-8.61402795,153.5,10.0
1411814448000,41.14590301,-8.61392049,153.10000610351563,10.0
1411814450000,41.14589976,-8.61382612,152.1999969482422,11.0
1411814452000,41.1458806,-8.61376975,153.10000610351563,10.0
1411814455000,41.14584883,-8.6137097,150.0,10.0
1411814459000,41.14581556,-8.61366697,151.1999969482422,11.0
1411814480000,41.14578329,-8.61361634,148.3000030517578,11.0
1411814482000,41.14584382,-8.61341487,147.8000030517578,11.0
1411814483000,41.14585575,-8.61332631,147.60000610351563,11.0
1411814484000,41.14587102,-8.61325505,147.5,11.0
1411814485000,41.14588799,-8.61316585,147.39999389648438,11.0
1411814486000,41.14591461,-8.61307266,147.0,11.0
1411814487000,41.1459191,-8.612979,147.3000030517578,11.0
1411814488000,41.14592091,-8.61289542,147.1999969482422,11.0
1411814489000,41.14592107,-8.61279711,146.8000030517578,11.0
1411814490000,41.14591673,-8.61272656,146.60000610351563,12.0
1411814491000,41.1459128,-8.61266436,146.5,12.0
1411814507000,41.14586888,-8.61264296,145.5,12.0
1411814550000,41.14591014,-8.61244311,144.8000030517578,11.0
1411814551000,41.14589715,-8.61235611,145.0,10.0
1411814552000,41.14590031,-8.61226525,144.89999389648438,10.0
1411814553000,41.14590095,-8.61220447,145.10000610351563,11.0
1411814556000,41.14591601,-8.61212446,145.1999969482422,12.0
1411814557000,41.14591636,-8.61206278,145.1999969482422,12.0
1411814558000,41.14601785,-8.61192975,144.10000610351563,11.0
1411814559000,41.145996769999996,-8.61186356,143.39999389648438,11.0
1411814560000,41.14601433,-8.6117652,142.5,11.0
1411814561000,41.14601923,-8.61169082,142.39999389648438,11.0
1411814562000,41.14599398,-8.61158761,142.39999389648438,12.0
1411814563000,41.14604544,-8.61149355,142.60000610351563,11.0
1411814564000,41.14611225,-8.61137916,140.60000610351563,11.0
1411814565000,41.14615466,-8.61130773,139.10000610351563,11.0
1411814566000,41.14620827,-8.61128851,140.1999969482422,11.0
1411814567000,41.14626144,-8.6112841,139.0,11.0
1411814568000,41.14631698,-8.61127262,138.10000610351563,12.0
1411814569000,41.14636298,-8.6112648,138.89999389648438,12.0
1411814570000,41.14642774,-8.61124989,138.0,12.0
1411814571000,41.14647788,-8.6112357,136.8000030517578,13.0
1411814572000,41.14653285,-8.61121486,137.3000030517578,13.0
1411814573000,41.14660115,-8.61119681,137.5,13.0
1411814574000,41.14666851,-8.61117333,137.10000610351563,14.0
1411814575000,41.14676083,-8.61115643,137.0,14.0
1411814576000,41.1468547,-8.61113777,136.60000610351563,14.0
1411814577000,41.14691851,-8.61111839,136.6999969482422,14.0
1411814579000,41.14696979,-8.61107759,135.1999969482422,13.0
1411814580000,41.14707826,-8.61107752,135.60000610351563,13.0
1411814581000,41.14716198,-8.61106529,135.39999389648438,13.0
1411814582000,41.1472176,-8.61106527,134.6999969482422,14.0
1411814583000,41.14729003,-8.61103596,134.60000610351563,14.0
1411814584000,41.14735571,-8.6110341,134.6999969482422,15.0
1411814585000,41.14740957,-8.61102896,134.5,15.0
1411814586000,41.14748093,-8.61101893,134.1999969482422,15.0
1411814587000,41.14755309,-8.61100958,133.89999389648438,16.0
1411814588000,41.14760658,-8.61100973,133.5,16.0
1411814590000,41.14766691,-8.61101203,132.6999969482422,16.0
1411814591000,41.14771851,-8.61100226,133.1999969482422,17.0
1411814596000,41.14767048,-8.61100924,134.60000610351563,14.0
1411814598000,41.14771886,-8.61103083,137.3000030517578,14.0
1411814603384,41.1470556,-8.6111592,0.0,25.0
1411814603000,41.14760045,-8.6110147,142.6999969482422,14.0
1411814622355,41.1470556,-8.6111592,0.0,25.0
1411814622000,41.14754983,-8.61101853,147.89999389648438,14.0
1411814626000,41.14746244,-8.61086679,140.39999389648438,13.0
1411814628000,41.14750803,-8.61082948,139.1999969482422,14.0
1411814630000,41.14754545,-8.61077884,138.5,14.0
1411814632000,41.14760151,-8.61073943,136.39999389648438,15.0
1411814634000,41.14769936,-8.61071204,134.8000030517578,15.0
1411814635000,41.14776146,-8.61069167,135.10000610351563,15.0
1411814636000,41.14782334,-8.61066361,134.60000610351563,15.0
1411814637000,41.1481152,-8.61066409,135.10000610351563,14.0
1411814638000,41.14824297,-8.61062911,135.10000610351563,14.0
1411814639000,41.14835964,-8.61061142,134.89999389648438,14.0
1411814640000,41.14846762,-8.61058274,135.5,14.0
1411814641000,41.14857128,-8.61055922,134.5,14.0
1411814642000,41.14873643,-8.61054151,130.39999389648438,14.0
1411814643018,41.1470795,-8.6111558,0.0,27.0
1411814643000,41.14885109,-8.61049464,128.6999969482422,14.0
1411814644000,41.1490035,-8.61046886,133.1999969482422,13.0
1411814645000,41.14908849,-8.61042973,133.6999969482422,13.0
1411814646000,41.14913778,-8.61039347,133.6999969482422,13.0
1411814647000,41.14928256,-8.61034766,136.39999389648438,13.0
1411814648000,41.14935983,-8.61031779,137.10000610351563,14.0
1411814649000,41.14943564,-8.61028297,137.39999389648438,14.0
1411814650000,41.1495218,-8.61024246,137.89999389648438,15.0
1411814651000,41.14960049,-8.61022549,137.89999389648438,16.0
1411814652000,41.14964335,-8.6101918,138.3000030517578,16.0
1411814653000,41.14971755,-8.61017849,139.10000610351563,16.0
1411814654000,41.14978765,-8.61018593,139.10000610351563,16.0
1411814655000,41.14997611,-8.61025071,139.1999969482422,15.0
1411814656000,41.15004787,-8.61025122,139.39999389648438,16.0
1411814657000,41.15012476,-8.61028926,139.39999389648438,16.0
1411814659000,41.15019321,-8.6102813,139.0,14.0
1411814660000,41.15026131,-8.61031916,137.89999389648438,13.0
1411814661000,41.15032702,-8.61033322,138.89999389648438,13.0
1411814663000,41.15038813,-8.61033444,140.39999389648438,12.0
1411814665000,41.15047448,-8.61029694,143.39999389648438,10.0
1411814667000,41.15055335,-8.61020838,146.10000610351563,11.0
1411814668000,41.15060607,-8.61017249,146.60000610351563,10.0
1411814669000,41.15065076,-8.6101167,146.60000610351563,10.0
1411814670000,41.15069976,-8.61006081,145.8000030517578,11.0
1411814671000,41.15075515,-8.61001453,146.1999969482422,11.0
1411814672000,41.15083582,-8.60993174,146.3000030517578,11.0
1411814673000,41.15092547,-8.60986793,146.5,11.0
1411814674000,41.15099632,-8.60980707,146.60000610351563,11.0
1411814675000,41.15107551,-8.6097458,146.6999969482422,11.0
1411814676000,41.15113508,-8.60969278,146.39999389648438,11.0
1411814677000,41.15121194,-8.60963508,146.5,11.0
1411814678000,41.15126184,-8.60959041,146.3000030517578,10.0
1411814679000,41.15130601,-8.60956921,146.1999969482422,10.0
1411814680000,41.15136112,-8.60953122,147.10000610351563,11.0
1411814682000,41.1514165,-8.60951204,150.1999969482422,10.0
1411814684000,41.15150685,-8.60952564,151.8000030517578,10.0
1411814686000,41.151573139999996,-8.60960509,152.5,10.0
1411814687000,41.15161614,-8.60965357,152.10000610351563,9.0
1411814688000,41.15166332,-8.60970118,152.10000610351563,9.0
1411814689000,41.15170799,-8.60975466,153.60000610351563,9.0
1411814690000,41.15175302,-8.60980763,154.89999389648438,10.0
1411814691000,41.15180749,-8.60985002,155.3000030517578,10.0
1411814692000,41.15185964,-8.60989555,156.8000030517578,10.0
1411814693000,41.15191499,-8.6099355,156.60000610351563,10.0
1411814694000,41.15197317,-8.60994991,156.89999389648438,10.0
1411814695000,41.15203459,-8.609961,156.5,10.0
1411814696000,41.15209087,-8.60996764,156.60000610351563,10.0
1411814697000,41.15213781,-8.60996419,157.0,10.0
1411814698000,41.15218654,-8.60995198,157.89999389648438,11.0
1411814699000,41.15223512,-8.60995426,158.0,11.0
1411814700000,41.15228672,-8.60993389,158.6999969482422,11.0
1411814701000,41.15235446,-8.6099572,158.6999969482422,12.0
1411814702000,41.15244296,-8.60993917,158.3000030517578,10.0
1411814703000,41.15252025,-8.60993695,158.8000030517578,10.0
1411814704000,41.15259168,-8.60994554,159.3000030517578,10.0
1411814705000,41.15266124,-8.60993615,160.0,10.0
1411814706000,41.15271987,-8.60992526,160.10000610351563,10.0
1411814707000,41.15276694,-8.60993985,160.1999969482422,10.0
1411814708000,41.15281625,-8.60993909,161.10000610351563,10.0
1411814709000,41.15287911,-8.60993494,161.1999969482422,10.0
1411814711000,41.15297523,-8.60992433,161.0,10.0
1411814712000,41.15302115,-8.6099297,160.8000030517578,10.0
1411814713000,41.15307465,-8.60992534,160.8000030517578,10.0
1411814715000,41.15316335,-8.60992553,161.3000030517578,10.0
1411814717000,41.1532497,-8.60992043,161.8000030517578,11.0
1411814719000,41.15333835,-8.60994283,161.89999389648438,11.0
1411814720000,41.15338886,-8.60994061,162.3000030517578,11.0
1411814721000,41.15343908,-8.60993418,162.6999969482422,11.0
1411814722000,41.15350236,-8.6099322,162.89999389648438,12.0
1411814736000,41.15354624,-8.60994586,163.6999969482422,10.0
1411814738000,41.15363377,-8.60992484,164.0,10.0
1411814740000,41.15367979,-8.60992962,163.8000030517578,11.0
1411814742000,41.15374215,-8.60991478,164.3000030517578,11.0
1411814743000,41.15378463,-8.60988061,164.39999389648438,10.0
1411814744000,41.15383417,-8.60983478,164.5,10.0
1411814745000,41.15392926,-8.60969069,164.1999969482422,11.0
1411814746000,41.15399728,-8.60960748,164.89999389648438,11.0
1411814747000,41.15406154,-8.60953911,166.3000030517578,11.0
1411814748000,41.15413006,-8.60947648,167.3000030517578,11.0
1411814749000,41.15419544,-8.60939915,168.8000030517578,12.0
1411814750000,41.15427269,-8.6093683,169.6999969482422,11.0
1411814751000,41.15433732,-8.60931234,170.1999969482422,11.0
1411814752000,41.1544126,-8.60924552,170.60000610351563,12.0
1411814753000,41.15448045,-8.60917481,171.3000030517578,13.0
1411814754000,41.15458272,-8.60920675,171.1999969482422,12.0
1411814755000,41.15464608,-8.60918463,171.6999969482422,12.0
1411814756000,41.15470774,-8.60916335,171.6999969482422,12.0
1411814757000,41.15480947,-8.60916764,172.60000610351563,12.0
1411814759000,41.15489427,-8.60916741,173.10000610351563,13.0
1411814760000,41.1549655,-8.60918329,173.60000610351563,13.0
1411814761000,41.15509296,-8.60917879,175.0,12.0
1411814762000,41.15517707,-8.60917267,175.1999969482422,13.0
1411814763000,41.15525958,-8.60916801,175.3000030517578,13.0
1411814764000,41.15534512,-8.60917566,175.3000030517578,14.0
1411814765000,41.15543993,-8.60919255,175.39999389648438,14.0
1411814766000,41.15558516,-8.60917889,175.89999389648438,13.0
1411814767000,41.15566923,-8.60921463,175.39999389648438,14.0
1411814768000,41.155765099999996,-8.60922076,175.39999389648438,14.0
1411814769000,41.1559093,-8.60924684,176.39999389648438,15.0
1411814771000,41.15602516,-8.60925669,176.6999969482422,13.0
1411814772000,41.15611455,-8.60925849,176.60000610351563,13.0
1411814773000,41.15620566,-8.6092547,176.5,13.0
1411814774000,41.15630958,-8.60924176,176.10000610351563,13.0
1411814775000,41.15639317,-8.6092283,176.0,14.0
1411814776000,41.15647413,-8.60922135,175.8000030517578,15.0
1411814777000,41.15655638,-8.60921259,175.8000030517578,15.0
1411814778000,41.15660874,-8.60921503,175.6999969482422,14.0
1411814779000,41.15669562,-8.60923463,176.39999389648438,13.0
1411814780000,41.1567602,-8.60921747,175.89999389648438,14.0
1411814781000,41.15682795,-8.60923217,176.3000030517578,14.0
1411814782000,41.15690573,-8.60923061,176.6999969482422,14.0
1411814783000,41.15698221,-8.6092337,176.89999389648438,14.0
1411814785000,41.15705658,-8.60921636,176.6999969482422,14.0
1411814786000,41.15712562,-8.60921111,177.0,14.0
1411814787000,41.15719351,-8.60918734,176.8000030517578,12.0
1411814788000,41.15725558,-8.60918822,177.3000030517578,12.0
1411814789000,41.15730999,-8.60916819,179.10000610351563,12.0
1411814790000,41.15735887,-8.60914585,179.6999969482422,12.0
1411814791000,41.15741165,-8.60912449,179.89999389648438,12.0
1411814792000,41.15747867,-8.60909536,180.1999969482422,12.0
1411814793000,41.15756432,-8.6090691,180.10000610351563,12.0
1411814794000,41.1576378,-8.60904733,180.5,13.0
1411814795000,41.15771191,-8.60904268,179.3000030517578,14.0
1411814796000,41.15784144,-8.60898227,179.5,12.0
1411814797000,41.15792911,-8.60893081,179.89999389648438,12.0
1411814798000,41.15801364,-8.60886879,180.6999969482422,12.0
1411814799000,41.15809323,-8.60884599,179.8000030517578,12.0
1411814800000,41.1581862,-8.6088096,180.60000610351563,13.0
1411814801000,41.15827653,-8.60875165,180.89999389648438,13.0
1411814802000,41.15835285,-8.60870016,181.1999969482422,13.0
1411814803000,41.15843884,-8.60865072,181.39999389648438,14.0
1411814804000,41.15855005,-8.60863754,182.0,14.0
1411814805000,41.15863815,-8.60859322,182.39999389648438,15.0
1411814806000,41.15871867,-8.60855401,183.10000610351563,14.0
1411814807000,41.15879625,-8.6085127,183.60000610351563,14.0
1411814808000,41.15888023,-8.60847879,183.6999969482422,14.0
1411814809000,41.15895087,-8.60843908,184.10000610351563,14.0
1411814810000,41.15903805,-8.60842122,184.39999389648438,13.0
1411814811000,41.15911295,-8.60840143,185.0,13.0
1411814812000,41.15917579,-8.60835404,185.39999389648438,13.0
1411814813000,41.15922517,-8.60833679,184.89999389648438,12.0
1411814814000,41.15929696,-8.60828969,185.3000030517578,13.0
1411814815000,41.15938249,-8.60826529,186.0,13.0
1411814816000,41.15944899,-8.60821019,187.6999969482422,13.0
1411814817000,41.159544,-8.60814675,189.10000610351563,14.0
1411814818000,41.1596264,-8.60809071,189.89999389648438,14.0
1411814819000,41.15971139,-8.60803849,189.3000030517578,15.0
1411814820000,41.15983204,-8.6079796,190.3000030517578,13.0
1411814821000,41.15994618,-8.60793511,190.89999389648438,13.0
1411814822000,41.16003773,-8.60787758,192.39999389648438,13.0
1411814823000,41.16012951,-8.60783862,192.60000610351563,13.0
1411814824000,41.16022643,-8.60776649,192.10000610351563,14.0
1411814825000,41.16034944,-8.60770036,192.5,12.0
1411814826000,41.16043791,-8.60765788,192.5,12.0
1411814827000,41.16053542,-8.60760706,192.6999969482422,12.0
1411814828000,41.16065147,-8.6075561,193.10000610351563,13.0
1411814829000,41.16076392,-8.60749672,193.5,13.0
1411814830000,41.16087222,-8.60743318,192.89999389648438,14.0
1411814831000,41.16097612,-8.60737372,193.0,16.0
1411814832000,41.16107996,-8.60731436,193.0,19.0
1411814856000,41.16370484,-8.60619626,196.89999389648438,42.0
1411814857000,41.16401125,-8.60627311,198.5,20.0
1411814858000,41.16410743,-8.60622568,199.10000610351563,16.0
1411814860000,41.16417128,-8.60620448,199.6999969482422,11.0
1411814865000,41.16420368,-8.60625408,201.5,6.0
1411814867000,41.16428619,-8.60624903,202.8000030517578,7.0
1411814868000,41.16434545,-8.60622935,203.3000030517578,8.0
1411814869000,41.16440294,-8.6062191,203.0,9.0
1411814870000,41.1644538,-8.60624261,203.3000030517578,10.0
1411814871000,41.16452756,-8.60625411,203.5,10.0
1411814872000,41.16465365,-8.60627787,203.39999389648438,9.0
1411814873000,41.16476677,-8.60628962,204.1999969482422,8.0
1411814874000,41.16485656,-8.60630199,204.0,8.0
1411814875000,41.16493817,-8.60632111,203.0,8.0
1411814876000,41.16504525,-8.6063357,202.3000030517578,8.0
1411814877000,41.1651912,-8.60636374,199.3000030517578,7.0
1411814878000,41.16530846,-8.60637353,198.0,7.0
1411814879000,41.16542087,-8.60638076,198.89999389648438,7.0
1411814880000,41.16555365,-8.60639901,199.3000030517578,6.0
1411814881000,41.1656739,-8.60641847,199.5,5.0
1411814882000,41.16579965,-8.60643362,199.3000030517578,5.0
1411814883000,41.1659216,-8.60644689,198.60000610351563,5.0
1411814884000,41.16603986,-8.60645589,198.8000030517578,5.0
1411814885000,41.16616381,-8.60645821,197.5,5.0
1411814886000,41.16629265,-8.60645691,198.89999389648438,5.0
1411814887000,41.16642437,-8.60645241,198.6999969482422,5.0
1411814888000,41.1665508,-8.60645088,198.0,6.0
1411814889000,41.16667341,-8.60645519,198.0,6.0
1411814890000,41.16680696,-8.6064547,197.5,6.0
1411814891000,41.16692224,-8.60645642,197.5,6.0
1411814892000,41.16704269,-8.60644997,197.39999389648438,7.0
1411814893000,41.16715598,-8.60645231,197.39999389648438,7.0
1411814894000,41.16727349,-8.6064473,197.89999389648438,7.0
1411814895000,41.16739534,-8.60644677,197.89999389648438,8.0
1411814896000,41.16751342,-8.60643767,197.89999389648438,8.0
1411814897000,41.16763035,-8.60643127,197.6999969482422,8.0
1411814898000,41.16778289,-8.60643587,198.1999969482422,7.0
1411814899000,41.16789455,-8.60643118,198.39999389648438,7.0
1411814900000,41.16801803,-8.60643071,199.6999969482422,8.0
1411814901000,41.16813129,-8.60643178,199.39999389648438,8.0
1411814902000,41.16824923,-8.60642574,199.10000610351563,9.0
1411814903000,41.16836201,-8.60641785,199.39999389648438,12.0
1411814904000,41.16848764,-8.60642396,200.0,12.0
1411814905000,41.16860898,-8.60643376,200.10000610351563,12.0
1411814906000,41.16872109,-8.60643228,201.1999969482422,13.0
1411814907000,41.16884062,-8.60641596,202.0,12.0
1411814908000,41.1689352,-8.60637956,201.5,12.0
1411814909000,41.16903465,-8.60631646,202.10000610351563,12.0
1411814910000,41.16914488,-8.60623739,200.39999389648438,11.0
1411814911000,41.16925332,-8.60614796,199.6999969482422,11.0
1411814912000,41.16938815,-8.60606689,199.6999969482422,11.0
1411814913000,41.16951028,-8.60597775,198.89999389648438,11.0
1411814914000,41.16962085,-8.60589166,198.60000610351563,11.0
1411814915000,41.16971215,-8.60580449,198.39999389648438,11.0
1411814916000,41.1698024,-8.60571638,197.5,11.0
1411814917000,41.16989851,-8.60563572,196.60000610351563,11.0
1411814918000,41.16998541,-8.60556898,197.5,11.0
1411814919000,41.17007019,-8.60550274,197.8000030517578,11.0
1411814920000,41.17011149,-8.60544121,197.3000030517578,11.0
1411814921000,41.17016794,-8.60538145,196.3000030517578,10.0
1411814922000,41.1702597,-8.60531671,195.1999969482422,10.0
1411814923000,41.17034669,-8.60525464,193.10000610351563,10.0
1411814924000,41.17042442,-8.60519889,191.89999389648438,10.0
1411814925000,41.17052568,-8.60513342,190.8000030517578,9.0
1411814926000,41.17061333,-8.60506698,189.3000030517578,9.0
1411814927000,41.17070307,-8.60499747,187.8000030517578,9.0
1411814928000,41.17079039,-8.60493298,186.8000030517578,9.0
1411814929000,41.1708652,-8.60486555,186.5,10.0
1411814930000,41.17094959,-8.6047921,186.0,9.0
1411814931000,41.1710417,-8.6047148,185.5,10.0
1411814932000,41.17115293,-8.60463949,183.8000030517578,9.0
1411814933000,41.17124402,-8.60456355,183.39999389648438,9.0
1411814934000,41.17135127,-8.60448024,183.0,9.0
1411814935000,41.17144821,-8.60440087,182.60000610351563,9.0
1411814936000,41.17154775,-8.60431617,181.1999969482422,9.0
1411814937000,41.17164374,-8.60423602,181.5,9.0
1411814938000,41.17174827,-8.60416551,181.6999969482422,9.0
1411814939000,41.17185166,-8.60412475,180.89999389648438,9.0
1411814940000,41.17196309,-8.60411285,180.39999389648438,10.0
1411814941000,41.17208473,-8.6041333,178.39999389648438,9.0
1411814942000,41.17220849,-8.60416785,177.10000610351563,9.0
1411814943000,41.1723249,-8.60421926,176.39999389648438,10.0
1411814944000,41.17243365,-8.60430658,175.6999969482422,10.0
1411814945000,41.17253634,-8.60442969,173.39999389648438,9.0
1411814946000,41.17263228,-8.60456133,172.8000030517578,10.0
1411814947000,41.17272202,-8.60471511,172.8000030517578,10.0
1411814948000,41.17280466,-8.60484656,173.3000030517578,10.0
1411814949000,41.1728819,-8.60498634,173.6999969482422,10.0
1411814950000,41.17295264,-8.60513624,173.0,11.0
1411814951000,41.17300845,-8.6052802,173.1999969482422,11.0
1411814952000,41.1730406,-8.60538284,173.60000610351563,10.0
1411814953000,41.17310801,-8.60549274,172.3000030517578,10.0
1411814954000,41.17318262,-8.60555086,172.1999969482422,9.0
1411814955000,41.17324897,-8.60556959,172.0,10.0
1411814956000,41.17330037,-8.60559409,172.39999389648438,9.0
1411814957000,41.17334377,-8.60562208,172.1999969482422,10.0
1411814960000,41.17338882,-8.60565064,172.10000610351563,10.0
1411814998000,41.17343374,-8.60566889,173.60000610351563,10.0
1411814999000,41.1735148,-8.60568529,172.89999389648438,10.0
1411815002000,41.17359735,-8.60563348,175.39999389648438,9.0
1411815003000,41.17362138,-8.60556109,174.3000030517578,9.0
1411815004000,41.17364489,-8.60546928,172.3000030517578,9.0
1411815005000,41.17365825,-8.60537197,172.0,10.0
1411815006000,41.17366512,-8.60526907,172.3000030517578,10.0
1411815007000,41.17367158,-8.60516328,172.3000030517578,10.0
1411815008000,41.17365666,-8.6050492,172.89999389648438,10.0
1411815009000,41.17364104,-8.60492447,172.6999969482422,10.0
1411815010000,41.17363078,-8.60480233,172.8000030517578,10.0
1411815011000,41.17363135,-8.60465548,173.10000610351563,10.0
1411815012000,41.17363319,-8.60451745,174.0,10.0
1411815013000,41.17362942,-8.60435757,174.3000030517578,10.0
1411815014000,41.17364918,-8.60418782,174.10000610351563,10.0
1411815015000,41.17365326,-8.60400506,174.39999389648438,9.0
1411815016000,41.17366166,-8.603825,174.0,9.0
1411815017000,41.17366174,-8.60365031,173.6999969482422,9.0
1411815018000,41.17365948,-8.60348182,174.10000610351563,9.0
1411815019000,41.17366796,-8.6033144,174.89999389648438,10.0
1411815020000,41.173673,-8.60315838,175.3000030517578,10.0
1411815021000,41.173674749999996,-8.60300874,176.1999969482422,10.0
1411815022000,41.17367627,-8.60285566,176.10000610351563,10.0
1411815023000,41.17368573,-8.60269629,176.39999389648438,10.0
1411815024000,41.17368916,-8.60254525,176.39999389648438,10.0
1411815025000,41.17369611,-8.60238275,178.1999969482422,9.0
1411815026000,41.17369542,-8.60222448,179.60000610351563,10.0
1411815027000,41.17370125,-8.60206699,179.1999969482422,9.0
1411815028000,41.1737055,-8.60189344,180.1999969482422,9.0
1411815029000,41.17371669,-8.60173468,179.60000610351563,9.0
1411815030000,41.17371963,-8.60157476,181.3000030517578,9.0
1411815031000,41.17372749,-8.60142558,181.3000030517578,9.0
1411815032000,41.17374124,-8.60128771,181.60000610351563,9.0
1411815033000,41.17376292,-8.6011515,181.39999389648438,9.0
1411815034000,41.17379353,-8.60101733,181.60000610351563,10.0
1411815035000,41.17384343,-8.60089575,182.1999969482422,9.0
1411815036000,41.17389845,-8.60077266,181.0,10.0
1411815037000,41.1739662,-8.60066438,181.60000610351563,10.0
1411815038000,41.1740357,-8.60056339,181.10000610351563,10.0
1411815039000,41.17410279,-8.60045156,181.39999389648438,10.0
1411815040000,41.1741709,-8.60037172,182.1999969482422,10.0
1411815041000,41.17423946,-8.60028033,182.60000610351563,10.0
1411815042000,41.17428029,-8.60021285,183.0,10.0
1411815043000,41.17433028,-8.60018297,182.1999969482422,10.0
1411815045000,41.17441185,-8.60009605,180.39999389648438,10.0
1411815046000,41.17445372,-8.60005633,179.8000030517578,10.0
1411815047000,41.17449027,-8.60000599,180.3000030517578,10.0
1411815049000,41.17453704,-8.59992697,178.0,10.0
1411815050000,41.1745759,-8.59987637,177.8000030517578,10.0
1411815051000,41.1746388,-8.5998474,176.6999969482422,9.0
1411815052000,41.17470832,-8.59982791,178.0,10.0
1411815053000,41.17476918,-8.5998521,178.10000610351563,9.0
1411815054000,41.17483018,-8.59987333,178.8000030517578,9.0
1411815055000,41.17489948,-8.59991437,178.5,10.0
1411815056000,41.17497646,-8.59994874,177.8000030517578,10.0
1411815057000,41.17507359,-8.59999564,177.10000610351563,9.0
1411815058000,41.17516512,-8.60004005,176.5,10.0
1411815059000,41.17526634,-8.60007702,176.0,9.0
1411815060000,41.17536909,-8.60011589,174.3000030517578,9.0
1411815061000,41.17547551,-8.60012919,173.6999969482422,9.0
1411815062000,41.17558727,-8.60014208,172.89999389648438,10.0
1411815063000,41.17568953,-8.60016265,173.60000610351563,9.0
1411815064000,41.17579609,-8.60016179,174.10000610351563,9.0
1411815065000,41.17590296,-8.60015321,173.0,9.0
1411815066000,41.176007,-8.6001332,173.1999969482422,10.0
1411815067000,41.17611265,-8.60010917,173.0,9.0
1411815068000,41.17622025,-8.60006672,173.10000610351563,10.0
1411815069000,41.17632487,-8.60003008,172.10000610351563,10.0
1411815070000,41.17642549,-8.59997978,172.10000610351563,9.0
1411815071000,41.17652087,-8.5999291,172.1999969482422,9.0
1411815072000,41.17661611,-8.59987691,172.3000030517578,9.0
1411815073000,41.17671158,-8.59982982,173.0,9.0
1411815074000,41.17681584,-8.59978275,172.3000030517578,9.0
1411815075000,41.17690762,-8.59973076,172.6999969482422,9.0
1411815076000,41.17699918,-8.59968581,172.1999969482422,9.0
1411815077000,41.17708316,-8.59964077,172.60000610351563,9.0
1411815078000,41.17717636,-8.5995982,172.5,9.0
1411815079000,41.17725523,-8.59955661,172.8000030517578,9.0
1411815080000,41.17733669,-8.59950882,172.6999969482422,9.0
1411815081000,41.17741053,-8.59947019,172.89999389648438,9.0
1411815082000,41.17746741,-8.59943116,173.1999969482422,9.0
1411815083000,41.17751628,-8.59940935,172.60000610351563,9.0
1411815089000,41.17756311,-8.59938281,173.8000030517578,9.0
1411815091000,41.17763344,-8.59935232,173.89999389648438,9.0
1411815093000,41.1777176,-8.59930768,173.1999969482422,9.0
1411815094000,41.17776198,-8.59928272,173.10000610351563,10.0
1411815095000,41.17780454,-8.59925303,173.1999969482422,9.0
1411815096000,41.17784067,-8.59920544,172.6999969482422,9.0
1411815097000,41.17785409,-8.59914694,171.6999969482422,9.0
1411815098000,41.17784027,-8.59907384,172.8000030517578,9.0
1411815099000,41.17781972,-8.59900044,172.5,9.0
1411815100000,41.17779299,-8.59891839,172.6999969482422,9.0
1411815101000,41.17776756,-8.5988411,172.39999389648438,10.0
1411815102000,41.17774037,-8.59875351,172.5,10.0
1411815103000,41.17771619,-8.59867859,172.0,9.0
1411815104000,41.17770597,-8.59860373,172.0,9.0
1411815105000,41.17771197,-8.59853302,173.1999969482422,9.0
1411815106000,41.17774725,-8.59849383,173.8000030517578,9.0
1411815107000,41.17778864,-8.59846668,173.89999389648438,9.0
1411815109000,41.17787255,-8.59842006,172.0,10.0
1411815110000,41.17792855,-8.59839011,172.0,10.0
1411815111000,41.17799478,-8.59835607,171.89999389648438,9.0
1411815112000,41.17806632,-8.59832692,171.0,9.0
1411815113000,41.17814135,-8.59828672,171.60000610351563,9.0
1411815114000,41.17822236,-8.59824793,172.1999969482422,9.0
1411815115000,41.17829958,-8.59820659,172.39999389648438,10.0
1411815116000,41.17837824,-8.59817155,172.0,10.0
1411815117000,41.17845237,-8.59814339,172.60000610351563,9.0
1411815118000,41.17852359,-8.59811153,173.10000610351563,9.0
1411815119000,41.17858296,-8.59805544,174.0,9.0
1411815120000,41.17861799,-8.5979946,174.5,9.0
1411815121000,41.17863081,-8.59792189,174.1999969482422,10.0
1411815122000,41.17864218,-8.59784139,174.39999389648438,10.0
1411815123000,41.17865197,-8.59774743,174.5,11.0
1411815124000,41.17866387,-8.59766733,174.39999389648438,11.0
1411815125000,41.178676,-8.59758964,174.39999389648438,12.0
1411815126000,41.1787062,-8.59750884,174.3000030517578,12.0
1411815128000,41.1786629,-8.59746749,173.5,11.0
1411815130000,41.17863475,-8.59738955,171.6999969482422,11.0
1411815132000,41.17862938,-8.59727796,171.60000610351563,11.0
1411815133000,41.17862218,-8.59719447,171.89999389648438,11.0
1411815134000,41.17861923,-8.59713014,172.0,11.0
1411815135000,41.17862132,-8.59706862,172.0,11.0
1411815136000,41.17862641,-8.59699343,171.89999389648438,11.0
1411815137000,41.17863182,-8.59690931,171.8000030517578,11.0
1411815138000,41.17860453,-8.59680694,171.5,10.0
1411815139000,41.17858845,-8.59670189,172.1999969482422,11.0
1411815140000,41.17857548,-8.5966049,172.39999389648438,11.0
1411815141000,41.17857827,-8.59649555,172.8000030517578,10.0
1411815142000,41.17856947,-8.59638597,173.10000610351563,10.0
1411815143000,41.17855228,-8.596297,173.39999389648438,10.0
1411815144000,41.17855272,-8.59621141,173.5,10.0
1411815145000,41.1785482,-8.59614722,173.39999389648438,11.0
1411815147000,41.17853276,-8.59607168,173.5,11.0
1411815149000,41.17853615,-8.59595674,173.60000610351563,11.0
1411815150000,41.17849821,-8.59588603,173.3000030517578,10.0
1411815151000,41.17848701,-8.5958085,173.8000030517578,11.0
1411815152000,41.17847735,-8.59573914,173.8000030517578,11.0
1411815153000,41.17847611,-8.59567689,174.0,11.0
1411815154000,41.17852386,-8.59561215,174.1999969482422,11.0
1411815155000,41.17853886,-8.59553571,174.39999389648438,12.0
1411815158000,41.17848331,-8.59551964,174.39999389648438,12.0
1411815164000,41.17853207,-8.59563985,174.1999969482422,12.0
1411815165000,41.17854941,-8.59544118,173.39999389648438,10.0
1411815166000,41.17854616,-8.59534539,173.5,11.0
1411815168000,41.1785398,-8.59521633,173.8000030517578,11.0
1411815170000,41.17852129,-8.59512557,172.8000030517578,10.0
1411815172000,41.17849405,-8.59505566,172.39999389648438,11.0
1411815173000,41.17846441,-8.59510538,173.0,10.0
1411815176000,41.17840491,-8.59510996,172.60000610351563,10.0
1411815178000,41.17835053,-8.59511359,173.10000610351563,10.0